0,0
0.006,0
0.012,0
0.017,0
0.023,0
0.029,0
0.035,0
0.041,0
0.046,0
0.052,0
0.058,0
0.064,0
0.07,0
0.075,0
0.081,0
0.087,0
0.093,0
0.099,0
0.104,0
0.11,0
0.116,0
0.122,0
0.128,0
0.134,0
0.139,0
0.145,0
0.151,0
0.157,0
0.163,0
0.168,0
0.174,0
0.18,0
0.186,0
0.192,0
0.197,0
0.203,0
0.209,0
0.215,0
0.221,0
0.226,0
0.232,0
0.238,0
0.244,0
0.25,0
0.255,0
0.261,0
0.267,0
0.273,0
0.279,0
0.284,0
0.29,0
0.296,0
0.302,0
0.308,0
0.313,0
0.319,0
0.325,0
0.331,0
0.337,0
0.342,0
0.348,0
0.354,0
0.36,0
0.366,0
0.372,0
0.377,0
0.383,0
0.389,0
0.395,0
0.401,0
0.406,0
0.412,0
0.418,0
0.424,0
0.43,0
0.435,0
0.441,0
0.447,0
0.453,0
0.459,0
0.464,0
0.47,0
0.476,0
0.482,0
0.488,0
0.493,0
0.499,0
0.505,0
0.511,0
0.517,0
0.522,0
0.528,0
0.534,0
0.54,0
0.546,0
0.551,0
0.557,0
0.563,0
0.569,0
0.575,0
0.58,0
0.586,0
0.592,0
0.598,0
0.604,0
0.61,0
0.615,0
0.621,0
0.627,0
0.633,0
0.639,0
0.644,0
0.65,0
0.656,0
0.662,0
0.668,0
0.673,0
0.679,0
0.685,0
0.691,0
0.697,0
0.702,0
0.708,0
0.714,0
0.72,0
0.726,0
0.731,0
0.737,0
0.743,0
0.749,0
0.755,0
0.76,0
0.766,0
0.772,0
0.778,0
0.784,0
0.789,0
0.795,0
0.801,0
0.807,0
0.813,0
0.819,0
0.824,0
0.83,0
0.836,0
0.842,0
0.848,0
0.853,0
0.859,0
0.865,0
0.871,0
0.877,0
0.882,0
0.888,0
0.894,0
0.9,0
0.906,0
0.911,0
0.917,0
0.923,0
0.929,0
0.935,0
0.94,0
0.946,0
0.952,0
0.958,0
0.964,0
0.969,0
0.975,0
0.981,0
0.987,0
0.993,0
0.998,0
1.004,0
1.01,0
1.016,0
1.022,0
1.027,0
1.033,0
1.039,0
1.045,0
1.051,0
1.057,0
1.062,0
1.068,0
1.074,0
1.08,0
1.086,0
1.091,0
1.097,0
1.103,0
1.109,0
1.115,0
1.12,0
1.126,0
1.132,0
1.138,0
1.144,0
1.149,0
1.155,0
1.161,0
1.167,0
1.173,0
1.178,0
1.184,0
1.19,0
1.196,0
1.202,0
1.207,0
1.213,0
1.219,0
1.225,0
1.231,0
1.236,0
1.242,0
1.248,0
1.254,0
1.26,0
1.265,0
1.271,0
1.277,0
1.283,0
1.289,0
1.295,0
1.3,0
1.306,0
1.312,0
1.318,0
1.324,0
1.329,0
1.335,0
1.341,0
1.347,0
1.353,0
1.358,0
1.364,0
1.37,0
1.376,0
1.382,0
1.387,0
1.393,0
1.399,0
1.405,0
1.411,0
1.416,0
1.422,0
1.428,0
1.434,0
1.44,0
1.445,0
1.451,0
1.457,0
1.463,0
1.469,0
1.474,0
1.48,0
1.486,0
1.492,0
1.498,0
1.503,0
1.509,0
1.515,0
1.521,0
1.527,0
1.533,0
1.538,0
1.544,0
1.55,0
1.556,0
1.562,0
1.567,0
1.573,0
1.579,0
1.585,0
1.591,0
1.596,0
1.602,276.49
1.608,273.42
1.614,273.23
1.62,271.81
1.625,267.85
1.631,265.1
1.637,265.45
1.643,265.91
1.649,267.54
1.654,265.93
1.66,265.53
1.666,261.7
1.672,255.27
1.678,248.77
1.683,242.73
1.689,244.24
1.695,250.61
1.701,265.23
1.707,269.06
1.712,259.11
1.718,267.27
1.724,268.13
1.73,260.31
1.736,258.99
1.741,262.33
1.747,270.09
1.753,268.43
1.759,270.06
1.765,269.1
1.771,263.29
1.776,263.09
1.782,260.25
1.788,265.79
1.794,253.28
1.8,247.89
1.805,243.15
1.811,239.04
1.817,233.9
1.823,231.31
1.829,228.08
1.834,225.21
1.84,223.92
1.846,215.91
1.852,219.1
1.858,221.62
1.863,219.35
1.869,217.74
1.875,217.33
1.881,218.49
1.887,221.32
1.892,221.59
1.898,221.74
1.904,223.84
1.91,226.14
1.916,223.48
1.921,221.59
1.927,221.65
1.933,0
1.939,0
1.945,0
1.95,0
1.956,0
1.962,0
1.968,0
1.974,0
1.98,0
1.985,0
1.991,0
1.997,0
2.003,0
2.009,0
2.014,0
2.02,0
2.026,0
2.032,0
2.038,0
2.043,0
2.049,0
2.055,0
2.061,0
2.067,0
2.072,0
2.078,0
2.084,0
2.09,0
2.096,0
2.101,0
2.107,0
2.113,0
2.119,0
2.125,0
2.13,0
2.136,0
2.142,0
2.148,0
2.154,0
2.159,0
2.165,0
2.171,252.38
2.177,246.31
2.183,240.24
2.188,235.75
2.194,229.35
2.2,225.78
2.206,224.49
2.212,222.55
2.218,221.42
2.223,220.52
2.229,219.49
2.235,219
2.241,219.4
2.247,219.39
2.252,219.07
2.258,218.79
2.264,217.81
2.27,217.04
2.276,216.72
2.281,216.53
2.287,216.14
2.293,215.94
2.299,215.8
2.305,215.23
2.31,214.58
2.316,214.83
2.322,215.4
2.328,215.5
2.334,214.84
2.339,216.89
2.345,220.99
2.351,222.84
2.357,224.3
2.363,226
2.368,226.3
2.374,224.35
2.38,221.32
2.386,218.65
2.392,217.1
2.397,218.66
2.403,220.76
2.409,217.41
2.415,216.25
2.421,216.48
2.426,215.45
2.432,215.67
2.438,217.06
2.444,217.94
2.45,220.03
2.456,0
2.461,0
2.467,0
2.473,0
2.479,0
2.485,0
2.49,0
2.496,0
2.502,0
2.508,0
2.514,0
2.519,0
2.525,0
2.531,0
2.537,219.01
2.543,215.99
2.548,210.96
2.554,207.91
2.56,207.07
2.566,206.24
2.572,206.57
2.577,207.09
2.583,208.34
2.589,210.14
2.595,211.44
2.601,212.72
2.606,214.11
2.612,215.95
2.618,216.74
2.624,215.82
2.63,214.41
2.635,212.8
2.641,213.41
2.647,216
2.653,215.87
2.659,214.9
2.664,216.55
2.67,217.11
2.676,216.12
2.682,215.5
2.688,215.28
2.694,213.61
2.699,0
2.705,0
2.711,0
2.717,0
2.723,0
2.728,0
2.734,0
2.74,0
2.746,0
2.752,244.26
2.757,237.75
2.763,236.41
2.769,236.52
2.775,234.94
2.781,233.8
2.786,234.34
2.792,235.74
2.798,238.12
2.804,240.58
2.81,244.58
2.815,247.65
2.821,251.43
2.827,256.2
2.833,260.96
2.839,260.52
2.844,255.15
2.85,255.72
2.856,0
2.862,0
2.868,0
2.873,0
2.879,0
2.885,0
2.891,0
2.897,0
2.902,0
2.908,0
2.914,253.48
2.92,250.58
2.926,248.84
2.932,242.98
2.937,0
2.943,0
2.949,0
2.955,0
2.961,0
2.966,0
2.972,0
2.978,0
2.984,0
2.99,0
2.995,0
3.001,0
3.007,0
3.013,0
3.019,252.32
3.024,248.33
3.03,244.96
3.036,244.83
3.042,243.86
3.048,242.57
3.053,241.66
3.059,239.65
3.065,237.95
3.071,236.91
3.077,236.97
3.082,237.26
3.088,238.78
3.094,240.72
3.1,242.22
3.106,245.1
3.111,247.84
3.117,252.19
3.123,255.17
3.129,258.72
3.135,261.65
3.14,263.72
3.146,266.5
3.152,269.25
3.158,267.31
3.164,267.06
3.17,266.23
3.175,263.5
3.181,262.25
3.187,259.68
3.193,257.32
3.199,257.61
3.204,243.94
3.21,242.86
3.216,241.68
3.222,234.67
3.228,228.61
3.233,228.96
3.239,214.69
3.245,205.47
3.251,202.98
3.257,194.99
3.262,190.83
3.268,185.22
3.274,182.47
3.28,179.85
3.286,175.8
3.291,175.18
3.297,171.94
3.303,171.36
3.309,172.68
3.315,173.74
3.32,173.97
3.326,174.82
3.332,175.59
3.338,176.42
3.344,178.45
3.349,178.51
3.355,178.94
3.361,180.07
3.367,180.03
3.373,179.66
3.379,178.75
3.384,177.56
3.39,0
3.396,0
3.402,0
3.408,0
3.413,0
3.419,0
3.425,0
3.431,0
3.437,0
3.442,0
3.448,0
3.454,0
3.46,0
3.466,0
3.471,0
3.477,0
3.483,0
3.489,0
3.495,0
3.5,0
3.506,0
3.512,0
3.518,0
3.524,0
3.529,0
3.535,0
3.541,0
3.547,0
3.553,0
3.558,0
3.564,0
3.57,0
3.576,0
3.582,0
3.587,0
3.593,0
3.599,0
3.605,0
3.611,0
3.617,0
3.622,0
3.628,0
3.634,0
3.64,0
3.646,0
3.651,0
3.657,0
3.663,0
3.669,0
3.675,0
3.68,0
3.686,0
3.692,0
3.698,0
3.704,0
3.709,0
3.715,0
3.721,0
3.727,0
3.733,0
3.738,0
3.744,0
3.75,0
3.756,0
3.762,0
3.767,0
3.773,0
3.779,0
3.785,217.58
3.791,214.46
3.796,214.87
3.802,215.59
3.808,216.86
3.814,217.12
3.82,217.18
3.825,218.22
3.831,220.37
3.837,219.49
3.843,219.48
3.849,221.42
3.855,221.31
3.86,222.16
3.866,221.62
3.872,221.29
3.878,222.53
3.884,224.05
3.889,225.27
3.895,226.38
3.901,228.09
3.907,229.39
3.913,230.26
3.918,232.89
3.924,239.6
3.93,247.41
3.936,248.43
3.942,249.97
3.947,249.66
3.953,251.05
3.959,250.52
3.965,244.25
3.971,243.82
3.976,235.56
3.982,230.69
3.988,230.93
3.994,232.98
4,233.43
4.005,235.41
4.011,235.44
4.017,233.98
4.023,228.73
4.029,227.8
4.034,0
4.04,0
4.046,0
4.052,0
4.058,268.57
4.063,264.13
4.069,261.85
4.075,258.07
4.081,256.91
4.087,255.97
4.093,255.12
4.098,255.11
4.104,254.02
4.11,254.12
4.116,255.46
4.122,255.71
4.127,256.61
4.133,258.15
4.139,258.97
4.145,260.26
4.151,262.39
4.156,263.41
4.162,261.85
4.168,259.46
4.174,263.46
4.18,265.11
4.185,264.03
4.191,262.65
4.197,260.77
4.203,260.46
4.209,263
4.214,264.34
4.22,266.3
4.226,279.76
4.232,282.74
4.238,272.61
4.243,262.95
4.249,260.9
4.255,261.42
4.261,264.59
4.267,272.7
4.272,278.64
4.278,280.32
4.284,0
4.29,0
4.296,0
4.301,0
4.307,0
4.313,0
4.319,0
4.325,0
4.331,0
4.336,0
4.342,0
4.348,0
4.354,0
4.36,0
4.365,0
4.371,0
4.377,0
4.383,0
4.389,0
4.394,0
4.4,0
4.406,0
4.412,0
4.418,0
4.423,0
4.429,0
4.435,0
4.441,0
4.447,0
4.452,0
4.458,237.12
4.464,224.22
4.47,217.16
4.476,211.16
4.481,209.34
4.487,207.97
4.493,206.13
4.499,205.32
4.505,205.09
4.51,205.09
4.516,204.79
4.522,204.26
4.528,207.93
4.534,206.17
4.54,205.65
4.545,206.2
4.551,208.22
4.557,208.02
4.563,204.04
4.569,203.71
4.574,209.13
4.58,208.72
4.586,203.97
4.592,0
4.598,0
4.603,0
4.609,0
4.615,0
4.621,0
4.627,0
4.632,0
4.638,0
4.644,0
4.65,0
4.656,0
4.661,0
4.667,0
4.673,0
4.679,0
4.685,0
4.69,0
4.696,0
4.702,0
4.708,0
4.714,0
4.719,0
4.725,0
4.731,0
4.737,0
4.743,0
4.748,0
4.754,0
4.76,0
4.766,0
4.772,0
4.778,0
4.783,0
4.789,179.26
4.795,179.34
4.801,179.14
4.807,180.95
4.812,181.19
4.818,183.07
4.824,182.86
4.83,182.09
4.836,181.64
4.841,183.08
4.847,184.54
4.853,183.15
4.859,182.23
4.865,181.3
4.87,178.22
4.876,175.88
4.882,174.59
4.888,175.02
4.894,176.42
4.899,176.57
4.905,176.77
4.911,176.99
4.917,177.01
4.923,177.05
4.928,177.3
4.934,177.37
4.94,176.97
4.946,177.06
4.952,177.18
4.957,176.43
4.963,175.46
4.969,174.18
4.975,172.66
4.981,172.2
4.986,172.25
4.992,172.63
4.998,172.3
5.004,170.83
5.01,168.34
5.016,167.44
5.021,168.21
5.027,170.37
5.033,172.42
5.039,173.49
5.045,174.28
5.05,174.46
5.056,173.13
5.062,172.33
5.068,172.64
5.074,173.24
5.079,174.06
5.085,174.62
5.091,174.69
5.097,174.12
5.103,173.59
5.108,173.68
5.114,0
5.12,0
5.126,0
5.132,0
5.137,0
5.143,0
5.149,0
5.155,0
5.161,0
5.166,0
5.172,0
5.178,0
5.184,0
5.19,0
5.195,0
5.201,0
5.207,0
5.213,0
5.219,0
5.224,0
5.23,0
5.236,0
5.242,0
5.248,0
5.254,0
5.259,0
5.265,0
5.271,0
5.277,0
5.283,0
5.288,0
5.294,0
5.3,0
5.306,0
5.312,0
5.317,0
5.323,0
5.329,0
5.335,0
5.341,0
5.346,0
5.352,0
5.358,0
5.364,0
5.37,0
5.375,0
5.381,0
5.387,0
5.393,0
5.399,0
5.404,0
5.41,0
5.416,0
5.422,0
5.428,0
5.433,0
5.439,0
5.445,0
5.451,0
5.457,0
5.462,0
5.468,0
5.474,0
5.48,0
5.486,0
5.492,0
5.497,0
5.503,0
5.509,0
5.515,0
5.521,0
5.526,0
5.532,0
5.538,0
5.544,0
5.55,0
5.555,0
5.561,0
5.567,0
5.573,0
5.579,0
5.584,0
5.59,0
5.596,0
5.602,0
5.608,0
5.613,0
5.619,0
5.625,0
5.631,0
5.637,0
5.642,0
5.648,0
5.654,0
5.66,0
5.666,0
5.671,0
5.677,0
5.683,0
5.689,0
5.695,0
5.7,0
5.706,0
5.712,0
5.718,0
5.724,0
5.73,0
5.735,0
5.741,0
5.747,0
5.753,0
5.759,0
5.764,0
5.77,0
5.776,0
5.782,0
5.788,0
5.793,0
5.799,0
5.805,0
5.811,0
5.817,0
5.822,0
5.828,0
5.834,0
5.84,0
5.846,0
5.851,0
5.857,0
5.863,0
5.869,0
5.875,0
5.88,0
5.886,0
5.892,0
5.898,0
5.904,0
5.909,0
5.915,0
5.921,0
5.927,0
5.933,0
5.939,0
5.944,0
5.95,0
5.956,0
5.962,0
5.968,0
5.973,0
5.979,0
5.985,0
5.991,0
5.997,0
6.002,0
6.008,0
6.014,0
6.02,0
6.026,0
6.031,0
6.037,0
6.043,0
6.049,0
6.055,0
6.06,0
6.066,0
6.072,0
6.078,0
6.084,0
6.089,0
6.095,0
6.101,0
6.107,0
6.113,0
6.118,0
6.124,0
6.13,0
6.136,0
6.142,0
6.147,0
6.153,0
6.159,0
6.165,0
6.171,0
6.177,0
6.182,0
6.188,0
6.194,0
6.2,0
6.206,0
6.211,0
6.217,0
6.223,0
6.229,0
6.235,0
6.24,0
6.246,0
6.252,0
6.258,0
6.264,0
6.269,0
6.275,0
6.281,0
6.287,0
6.293,0
6.298,0
6.304,0
6.31,0
6.316,0
6.322,0
6.327,0
6.333,0
6.339,0
6.345,0
6.351,0
6.356,0
6.362,0
6.368,0
6.374,0
6.38,0
6.385,0
6.391,0
6.397,0
6.403,0
6.409,0
6.415,0
6.42,0
6.426,0
6.432,0
6.438,0
6.444,0
6.449,0
6.455,0
6.461,0
6.467,0
6.473,0
6.478,0
6.484,0
6.49,0
6.496,0
6.502,0
6.507,0
6.513,0
6.519,0
6.525,0
6.531,0
6.536,0
6.542,0
6.548,0
6.554,0
6.56,0
6.565,0
6.571,0
6.577,0
6.583,0
6.589,0
6.594,0
6.6,0
6.606,0
6.612,0
6.618,0
6.623,0
6.629,0
6.635,0
6.641,0
6.647,0
6.653,0
6.658,0
6.664,0
6.67,0
6.676,0
6.682,0
6.687,0
6.693,0
6.699,0
6.705,0
6.711,0
6.716,0
6.722,0
6.728,0
6.734,0
6.74,0
6.745,0
6.751,0
6.757,0
6.763,0
6.769,0
6.774,0
6.78,0
6.786,0
6.792,0
6.798,0
6.803,0
6.809,0
6.815,0
6.821,0
6.827,0
6.832,0
6.838,0
6.844,0
6.85,0
6.856,0
6.861,0
6.867,0
6.873,0
6.879,0
6.885,0
6.891,0
6.896,0
6.902,0
6.908,0
6.914,0
6.92,0
6.925,0
6.931,0
6.937,0
6.943,0
6.949,0
6.954,0
6.96,0
6.966,0
6.972,0
6.978,0
6.983,0
6.989,0
6.995,0
7.001,0
7.007,0
7.012,0
7.018,0
7.024,0
7.03,0
7.036,0
7.041,0
7.047,0
7.053,0
7.059,0
7.065,0
7.07,0
7.076,0
7.082,0
7.088,0
7.094,0
7.1,0
7.105,0
7.111,0
7.117,0
7.123,0
7.129,0
7.134,0
7.14,0
7.146,0
7.152,0
7.158,0
7.163,0
7.169,0
7.175,0
7.181,0
7.187,0
7.192,0
7.198,0
7.204,0
7.21,0
7.216,0
7.221,0
7.227,0
7.233,0
7.239,0
7.245,0
7.25,0
7.256,0
7.262,0
7.268,0
7.274,0
7.279,0
7.285,0
7.291,0
7.297,0
7.303,0
7.308,0
7.314,0
7.32,0
7.326,0
7.332,0
7.338,0
7.343,0
7.349,0
7.355,0
7.361,0
7.367,0
7.372,0
7.378,0
7.384,0
7.39,0
7.396,0
7.401,0
7.407,0
7.413,0
7.419,0
7.425,0
7.43,0
7.436,0
7.442,0
7.448,0
7.454,0
7.459,0
7.465,0
7.471,0
7.477,0
7.483,0
7.488,0
7.494,0
7.5,0
7.506,0
7.512,0
7.517,0
7.523,0
7.529,0
7.535,0
7.541,0
7.546,0
7.552,0
7.558,0
7.564,0
7.57,0
7.576,0
7.581,0
7.587,0
7.593,0
7.599,0
7.605,0
7.61,0
7.616,0
7.622,0
7.628,0
7.634,0
7.639,0
7.645,0
7.651,0
7.657,0
7.663,0
7.668,0
7.674,0
7.68,0
7.686,0
7.692,0
7.697,0
7.703,0
7.709,0
7.715,0
7.721,0
7.726,0
7.732,0
7.738,0
7.744,0
7.75,0
7.755,0
7.761,0
7.767,0
7.773,0
7.779,0
7.784,0
7.79,0
7.796,0
7.802,0
7.808,0
7.814,0
7.819,0
7.825,0
7.831,0
7.837,0
7.843,0
7.848,0
7.854,0
7.86,0
7.866,0
7.872,0
7.877,0
7.883,0
7.889,0
7.895,0
7.901,0
7.906,0
7.912,0
7.918,0
7.924,0
7.93,0
7.935,0
7.941,0
7.947,0
7.953,0
7.959,0
7.964,0
7.97,0
7.976,0
7.982,0
7.988,0
7.993,0
7.999,0
8.005,0
8.011,292.36
8.017,289.85
8.022,287.63
8.028,284.96
8.034,282.93
8.04,281.72
8.046,280.23
8.052,279.91
8.057,280.11
8.063,281.09
8.069,283.44
8.075,287.3
8.081,291.6
8.086,296.79
8.092,300.9
8.098,304.49
8.104,306.89
8.11,308.38
8.115,315.93
8.121,322.34
8.127,325.79
8.133,330.85
8.139,335.98
8.144,341.65
8.15,348.24
8.156,350.63
8.162,350.51
8.168,354.99
8.173,354.9
8.179,348.93
8.185,348.18
8.191,347.05
8.197,0
8.202,0
8.208,0
8.214,0
8.22,0
8.226,0
8.231,327.75
8.237,319.45
8.243,323.38
8.249,328.31
8.255,323.54
8.26,318.4
8.266,316.42
8.272,309.93
8.278,300.78
8.284,303.99
8.29,303.15
8.295,295.03
8.301,281.7
8.307,272.37
8.313,274.23
8.319,279.4
8.324,290.79
8.33,290
8.336,0
8.342,0
8.348,0
8.353,0
8.359,0
8.365,0
8.371,228.72
8.377,222.08
8.382,223.82
8.388,221.73
8.394,213.62
8.4,219.2
8.406,219.32
8.411,219.05
8.417,222.64
8.423,224.47
8.429,221.46
8.435,219.53
8.44,216.35
8.446,212.59
8.452,213.88
8.458,210.53
8.464,209.92
8.469,210.29
8.475,213.18
8.481,216.53
8.487,219.55
8.493,219.11
8.499,218.82
8.504,219.53
8.51,220.38
8.516,222.12
8.522,222.91
8.528,222.59
8.533,222.5
8.539,222.94
8.545,224.02
8.551,224.71
8.557,226.44
8.562,228.02
8.568,229.53
8.574,230.7
8.58,230.75
8.586,230.19
8.591,229.14
8.597,227.78
8.603,226.14
8.609,226.97
8.615,228.77
8.62,228.91
8.626,228.75
8.632,227.26
8.638,227.19
8.644,227.65
8.649,228.14
8.655,227.76
8.661,0
8.667,0
8.673,0
8.678,0
8.684,0
8.69,0
8.696,270.43
8.702,259.91
8.707,253.48
8.713,249.32
8.719,248.33
8.725,246.19
8.731,241.4
8.737,237.26
8.742,235.33
8.748,234.72
8.754,233.55
8.76,230.17
8.766,226.12
8.771,224.46
8.777,221.95
8.783,217.08
8.789,216.82
8.795,218.19
8.8,213.84
8.806,205.36
8.812,196.34
8.818,196.85
8.824,190.52
8.829,183.43
8.835,182.9
8.841,181.12
8.847,180.79
8.853,0
8.858,0
8.864,0
8.87,0
8.876,0
8.882,0
8.887,0
8.893,0
8.899,0
8.905,0
8.911,0
8.916,0
8.922,0
8.928,0
8.934,0
8.94,0
8.945,0
8.951,0
8.957,0
8.963,0
8.969,0
8.975,0
8.98,0
8.986,0
8.992,0
8.998,0
9.004,0
9.009,0
9.015,0
9.021,93.251
9.027,91.76
9.033,90.13
9.038,88.471
9.044,87.304
9.05,86.775
9.056,86.401
9.062,86.301
9.067,0
9.073,0
9.079,0
9.085,0
9.091,0
9.096,0
9.102,0
9.108,0
9.114,0
9.12,0
9.125,0
9.131,0
9.137,0
9.143,0
9.149,0
9.154,0
9.16,0
9.166,0
9.172,0
9.178,0
9.183,0
9.189,0
9.195,0
9.201,0
9.207,0
9.213,0
9.218,0
9.224,0
9.23,0
9.236,0
9.242,0
9.247,0
9.253,0
9.259,0
9.265,0
9.271,0
9.276,0
9.282,0
9.288,0
9.294,0
9.3,0
9.305,0
9.311,0
9.317,0
9.323,0
9.329,0
9.334,0
9.34,0
9.346,0
9.352,0
9.358,0
9.363,0
9.369,0
9.375,0
9.381,0
9.387,0
9.392,0
9.398,0
9.404,0
9.41,0
9.416,0
9.421,0
9.427,0
9.433,0
9.439,0
9.445,0
9.451,0
9.456,0
9.462,0
9.468,0
9.474,0
9.48,0
9.485,0
9.491,0
9.497,0
9.503,0
9.509,0
9.514,0
9.52,0
9.526,0
9.532,0
9.538,0
9.543,0
9.549,0
9.555,0
9.561,0
9.567,0
9.572,0
9.578,0
9.584,0
9.59,0
9.596,0
9.601,0
9.607,0
9.613,0
9.619,0
9.625,0
9.63,0
9.636,0
9.642,0
9.648,0
9.654,0
9.66,0
9.665,0
9.671,0
9.677,0
9.683,0
9.689,0
9.694,0
9.7,0
9.706,0
9.712,0
9.718,0
9.723,0
9.729,0
9.735,0
9.741,0
9.747,0
9.752,0
9.758,0
9.764,0
9.77,0
9.776,0
9.781,0
9.787,0
9.793,0
9.799,0
9.805,0
9.81,0
9.816,0
9.822,0
9.828,0
9.834,0
9.839,0
9.845,0
9.851,0
9.857,0
9.863,0
9.868,0
9.874,0
9.88,0
9.886,0
9.892,0
9.898,0
9.903,0
9.909,0
9.915,0
9.921,0
9.927,0
9.932,0
9.938,0
9.944,0
9.95,0
9.956,0
9.961,0
9.967,0
9.973,0
9.979,0
9.985,0
9.99,0
9.996,0
10.002,0
10.008,0
10.014,0
10.019,0
10.025,0
10.031,0
10.037,0
10.043,0
10.048,0
10.054,0
10.06,0
10.066,0
10.072,0
10.077,0
10.083,0
10.089,0
10.095,0
10.101,0
10.106,0
10.112,0
10.118,0
10.124,0
10.13,0
10.136,0
10.141,0
10.147,0
10.153,0
10.159,0
10.165,0
10.17,0
10.176,0
10.182,0
10.188,0
10.194,0
10.199,0
10.205,0
10.211,0
10.217,0
10.223,0
10.228,0
10.234,0
10.24,0
10.246,0
10.252,0
10.257,0
10.263,0
10.269,0
10.275,0
10.281,0
10.286,0
10.292,0
10.298,0
10.304,0
10.31,0
10.315,0
10.321,0
10.327,0
10.333,0
10.339,0
10.344,0
10.35,0
10.356,0
10.362,0
10.368,0
10.374,0
10.379,0
10.385,0
10.391,0
10.397,0
10.403,0
10.408,0
10.414,0
10.42,0
10.426,0
10.432,0
10.437,0
10.443,0
10.449,0
10.455,0
10.461,0
10.466,0
10.472,0
10.478,0
10.484,0
10.49,0
10.495,0
10.501,0
10.507,0
10.513,0
10.519,0
10.524,0
10.53,0
10.536,0
10.542,0
10.548,0
10.553,0
10.559,0
10.565,0
10.571,0
10.577,0
10.582,0
10.588,0
10.594,0
10.6,0
10.606,0
10.612,0
10.617,0
10.623,0
10.629,0
10.635,0
10.641,0
10.646,0
10.652,0
10.658,0
10.664,0
10.67,0
10.675,0
10.681,0
10.687,0
10.693,0
10.699,0
10.704,0
10.71,0
10.716,0
10.722,0
10.728,0
10.733,0
10.739,0
10.745,0
10.751,0
10.757,0
10.762,0
10.768,0
10.774,0
10.78,0
10.786,0
10.791,0
10.797,0
10.803,0
10.809,0
10.815,0
10.82,0
10.826,0
10.832,0
10.838,0
10.844,0
10.85,0
10.855,0
10.861,0
10.867,0
10.873,0
10.879,0
10.884,0
10.89,0
10.896,0
10.902,0
10.908,0
10.913,0
10.919,0
10.925,0
10.931,0
10.937,0
10.942,0
10.948,0
10.954,0
10.96,0
10.966,0
10.971,0
10.977,0
10.983,0
10.989,0
10.995,0
11,0
11.006,0
11.012,0
11.018,0
11.024,0
11.029,0
11.035,0
11.041,0
11.047,0
11.053,0
11.059,0
11.064,0
11.07,0
11.076,0
11.082,0
11.088,0
11.093,0
11.099,0
11.105,0
11.111,0
11.117,0
11.122,0
11.128,0
11.134,0
11.14,0
11.146,0
11.151,0
11.157,0
11.163,0
11.169,0
11.175,0
11.18,0
11.186,0
11.192,0
11.198,0
11.204,0
11.209,0
11.215,0
11.221,0
11.227,0
11.233,0
11.238,0
11.244,0
11.25,0
11.256,0
11.262,0
11.267,0
11.273,0
11.279,0
11.285,0
11.291,0
11.297,0
11.302,0
11.308,0
11.314,0
11.32,0
11.326,0
11.331,0
11.337,0
11.343,0
11.349,0
11.355,0
11.36,0
11.366,0
11.372,0
11.378,0
11.384,0
11.389,0
11.395,0
11.401,0
11.407,0
11.413,0
11.418,0
11.424,0
11.43,0
11.436,0
11.442,0
11.447,0
11.453,0
11.459,0
11.465,0
11.471,0
11.476,0
11.482,0
11.488,0
11.494,0
11.5,0
11.505,0
11.511,0
11.517,0
11.523,0
11.529,0
11.535,0
11.54,0
11.546,0
11.552,0
11.558,0
11.564,0
11.569,0
11.575,0
11.581,0
11.587,0
11.593,0
11.598,0
11.604,0
11.61,0
11.616,0
11.622,0
11.627,0
11.633,0
11.639,0
11.645,0
11.651,0
11.656,0
11.662,0
11.668,0
11.674,0
11.68,0
11.685,0
11.691,0
11.697,0
11.703,0
11.709,0
11.714,0
11.72,0
11.726,0
11.732,0
11.738,0
11.743,0
11.749,0
11.755,0
11.761,0
11.767,0
11.773,0
11.778,0
11.784,0
11.79,0
11.796,0
11.802,0
11.807,0
11.813,0
11.819,0
11.825,0
11.831,0
11.836,0
11.842,0
11.848,0
11.854,0
11.86,0
11.865,0
11.871,0
11.877,0
11.883,0
11.889,0
11.894,0
11.9,0
11.906,0
11.912,0
11.918,0
11.923,0
11.929,0
11.935,0
11.941,0
11.947,0
11.952,0
11.958,0
11.964,0
11.97,0
11.976,0
11.981,0
11.987,0
11.993,0
11.999,0
12.005,0
12.011,0
12.016,0
12.022,0
12.028,0
12.034,0
12.04,0
12.045,0
12.051,0
12.057,0
12.063,0
12.069,0
12.074,0
12.08,0
12.086,0
12.092,0
12.098,0
12.103,0
12.109,0
12.115,0
12.121,0
12.127,0
12.132,0
12.138,0
12.144,0
12.15,0
12.156,0
12.161,0
12.167,0
12.173,0
12.179,0
12.185,0
12.19,0
12.196,0
12.202,0
12.208,0
12.214,0
12.22,0
12.225,0
12.231,0
12.237,0
12.243,0
12.249,0
12.254,0
12.26,0
12.266,0
12.272,0
12.278,0
12.283,0
12.289,0
12.295,0
12.301,0
12.307,0
12.312,0
12.318,0
12.324,0
12.33,0
12.336,0
12.341,0
12.347,0
12.353,0
12.359,0
12.365,0
12.37,0
12.376,0
12.382,0
12.388,0
12.394,0
12.399,0
12.405,0
12.411,0
12.417,0
12.423,0
12.428,0
12.434,0
12.44,0
12.446,0
12.452,0
12.458,0
12.463,0
12.469,0
12.475,0
12.481,0
12.487,0
12.492,0
12.498,0
12.504,0
12.51,0
12.516,0
12.521,0
12.527,0
12.533,0
12.539,0
12.545,0
12.55,0
12.556,0
12.562,0
12.568,0
12.574,0
12.579,0
12.585,0
12.591,0
12.597,0
12.603,0
12.608,0
12.614,0
12.62,0
12.626,0
12.632,0
12.637,0
12.643,0
12.649,0
12.655,0
12.661,0
12.666,0
12.672,0
12.678,0
12.684,0
12.69,0
12.696,0
12.701,0
12.707,0
12.713,0
12.719,0
12.725,0
12.73,0
12.736,0
12.742,407.83
12.748,406.01
12.754,402.51
12.759,399.98
12.765,399.13
12.771,399.22
12.777,397.79
12.783,398.19
12.788,398.87
12.794,397.86
12.8,397.84
12.806,397.34
12.812,396.92
12.817,397.42
12.823,397.39
12.829,396.89
12.835,397.71
12.841,398.26
12.846,397.85
12.852,397.23
12.858,397.08
12.864,397.37
12.87,396.6
12.875,396.17
12.881,396.42
12.887,396.12
12.893,396.27
12.899,396.35
12.904,396.65
12.91,396.33
12.916,395.98
12.922,396.13
12.928,395.73
12.934,396.18
12.939,396.23
12.945,395.95
12.951,396.34
12.957,396.62
12.963,396.64
12.968,396.31
12.974,396.23
12.98,396.48
12.986,396.21
12.992,395.86
12.997,395.98
13.003,395.79
13.009,396.09
13.015,396.03
13.021,395.86
13.026,395.79
13.032,395.49
13.038,395.44
13.044,395.48
13.05,396.17
13.055,396.3
13.061,396.21
13.067,396.11
13.073,396.01
13.079,396.29
13.084,395.97
13.09,396.01
13.096,396.23
13.102,396.14
13.108,396.12
13.113,395.99
13.119,395.99
13.125,395.96
13.131,395.79
13.137,396.35
13.142,396.08
13.148,395.65
13.154,395.74
13.16,395.85
13.166,396.02
13.172,395.96
13.177,395.87
13.183,395.9
13.189,396.06
13.195,396.02
13.201,395.36
13.206,395.71
13.212,395.95
13.218,395.72
13.224,395.88
13.23,395.59
13.235,395.47
13.241,395.53
13.247,395.45
13.253,395.37
13.259,395.11
13.264,395.29
13.27,395.15
13.276,394.98
13.282,395.19
13.288,395.15
13.293,395.23
13.299,394.92
13.305,394.9
13.311,394.74
13.317,394.59
13.322,394.74
13.328,394.69
13.334,394.77
13.34,394.38
13.346,394.7
13.351,394.83
13.357,394.42
13.363,394.64
13.369,394.41
13.375,394.42
13.38,394.15
13.386,394.19
13.392,394.37
13.398,394.33
13.404,394.15
13.41,393.61
13.415,394.04
13.421,394.19
13.427,394.01
13.433,393.98
13.439,393.79
13.444,393.89
13.45,393.57
13.456,393.7
13.462,393.67
13.468,393.54
13.473,393.61
13.479,393.73
13.485,394.05
13.491,393.81
13.497,393.52
13.502,393.29
13.508,393.49
13.514,393.25
13.52,393
13.526,392.66
13.531,392.58
13.537,392.8
13.543,392.62
13.549,392.5
13.555,392.34
13.56,392.2
13.566,392.28
13.572,392.23
13.578,392.34
13.584,392.13
13.589,392.39
13.595,392.25
13.601,391.88
13.607,391.93
13.613,392.18
13.619,391.8
13.624,391.6
13.63,391.69
13.636,391.54
13.642,391.4
13.648,391.16
13.653,391.29
13.659,391.09
13.665,391.11
13.671,391.19
13.677,391.46
13.682,391.54
13.688,391.46
13.694,391.67
13.7,391.74
13.706,391.89
13.711,391.92
13.717,392.09
13.723,392.11
13.729,392.15
13.735,391.9
13.74,391.87
13.746,391.75
13.752,391.6
13.758,391.42
13.764,391.37
13.769,391.55
13.775,391.62
13.781,391.59
13.787,391.66
13.793,391.55
13.798,391.51
13.804,391.86
13.81,391.81
13.816,392.05
13.822,391.93
13.827,391.74
13.833,391.86
13.839,391.75
13.845,391.68
13.851,391.53
13.857,391.32
13.862,391.2
13.868,391.31
13.874,391.45
13.88,391.65
13.886,391.69
13.891,391.78
13.897,391.79
13.903,391.87
13.909,392.03
13.915,392
13.92,392.08
13.926,391.91
13.932,391.92
13.938,392.2
13.944,391.84
13.949,391.65
13.955,391.56
13.961,391.41
13.967,391.12
13.973,390.88
13.978,390.77
13.984,390.57
13.99,390.43
13.996,390.43
14.002,390.59
14.007,390.68
14.013,390.77
14.019,391.22
14.025,391.48
14.031,391.36
14.036,391.44
14.042,391.83
14.048,391.76
14.054,391.24
14.06,391.33
14.065,391.08
14.071,390.83
14.077,390.77
14.083,390.02
14.089,389.6
14.095,389.3
14.1,389.32
14.106,389.29
14.112,389.18
14.118,389.36
14.124,389.55
14.129,389.44
14.135,389.43
14.141,389.16
14.147,388.86
14.153,388.59
14.158,388.22
14.164,388.02
14.17,387.43
14.176,387.01
14.182,386.46
14.187,386.74
14.193,392.37
14.199,399.17
14.205,399.26
14.211,398.43
14.216,397.16
14.222,396.26
14.228,395.7
14.234,395.69
14.24,396.36
14.245,399.33
14.251,400.65
14.257,396.01
14.263,396.34
14.269,394.97
14.274,393.25
14.28,393.26
14.286,393.31
14.292,393.71
14.298,392.69
14.303,394.27
14.309,397.54
14.315,399.16
14.321,0
14.327,0
14.333,0
14.338,0
14.344,527.02
14.35,525.07
14.356,524.99
14.362,525.96
14.367,525.32
14.373,524.33
14.379,524.56
14.385,526.9
14.391,527.55
14.396,526.63
14.402,526.38
14.408,526.04
14.414,526.43
14.42,526.98
14.425,527.04
14.431,526.61
14.437,526.52
14.443,526.71
14.449,526.9
14.454,526.26
14.46,526.15
14.466,526.41
14.472,526.76
14.478,526.4
14.483,526.05
14.489,526.02
14.495,526.13
14.501,526
14.507,525.85
14.512,525.42
14.518,525.71
14.524,525.56
14.53,525.25
14.536,525.11
14.541,525.1
14.547,524.98
14.553,525.13
14.559,525.33
14.565,525.39
14.571,525.35
14.576,525.25
14.582,525.34
14.588,525.43
14.594,525.24
14.6,525.24
14.605,525.3
14.611,525.12
14.617,524.72
14.623,524.22
14.629,524.12
14.634,523.66
14.64,523.6
14.646,523.18
14.652,522.84
14.658,522.81
14.663,522.51
14.669,522.13
14.675,522.26
14.681,522.33
14.687,522.17
14.692,522.51
14.698,522.68
14.704,522.13
14.71,521.81
14.716,522.4
14.721,522.94
14.727,522.69
14.733,522.51
14.739,522.58
14.745,522.56
14.75,522.6
14.756,522.74
14.762,522.91
14.768,522.9
14.774,522.96
14.78,523.22
14.785,523.36
14.791,523.55
14.797,523.7
14.803,523.95
14.809,524.51
14.814,524.76
14.82,524.93
14.826,525.24
14.832,525.58
14.838,525.64
14.843,525.71
14.849,525.51
14.855,526.03
14.861,526.05
14.867,525.47
14.872,525.62
14.878,525.38
14.884,525.05
14.89,525.44
14.896,526.14
14.901,527.76
14.907,527.59
14.913,529.61
14.919,529.65
14.925,523.53
14.93,523.18
14.936,527.8
14.942,535.91
14.948,534.86
14.954,534.05
14.959,537.06
14.965,545.46
14.971,561.66
14.977,0
14.983,0
14.988,640.82
14.994,647.17
15,657.99
15.006,659.11
15.012,651.91
15.018,653.36
15.023,658.58
15.029,660.88
15.035,658.15
15.041,654.7
15.047,656.35
15.052,660.79
15.058,659.33
15.064,655.63
15.07,656.63
15.076,660.2
15.081,659.48
15.087,656.84
15.093,656.77
15.099,658.86
15.105,659.81
15.11,657.96
15.116,657.07
15.122,658.41
15.128,660.11
15.134,658.82
15.139,658.08
15.145,658.57
15.151,658.92
15.157,658.88
15.163,658.82
15.168,658.39
15.174,658.68
15.18,658.9
15.186,658.56
15.192,658.32
15.197,658.22
15.203,658.04
15.209,658.26
15.215,658.11
15.221,657.62
15.226,657.89
15.232,657.63
15.238,657.84
15.244,657.56
15.25,657.58
15.256,657.79
15.261,657.76
15.267,657.59
15.273,657.78
15.279,657.8
15.285,657.33
15.29,657.44
15.296,656.97
15.302,657.11
15.308,657.08
15.314,657.33
15.319,657.38
15.325,656.63
15.331,656.6
15.337,656.76
15.343,656.47
15.348,656.7
15.354,657.11
15.36,656.74
15.366,656.69
15.372,657.01
15.377,656.93
15.383,656.89
15.389,656.86
15.395,656.97
15.401,656.87
15.406,656.99
15.412,657.05
15.418,656.73
15.424,656.6
15.43,657.11
15.435,657.11
15.441,656.74
15.447,657.04
15.453,656.66
15.459,656.81
15.464,657.16
15.47,657.23
15.476,657.34
15.482,657.26
15.488,657.74
15.494,657.41
15.499,657.4
15.505,657.48
15.511,657.43
15.517,657.05
15.523,656.93
15.528,657.49
15.534,658.11
15.54,658.01
15.546,657.96
15.552,658.06
15.557,657.78
15.563,658.16
15.569,658.33
15.575,657.84
15.581,657.95
15.586,658.65
15.592,658.21
15.598,657.47
15.604,657.16
15.61,656.76
15.615,656.39
15.621,653.46
15.627,649.5
15.633,641.86
15.639,619.76
15.644,603.06
15.65,595.8
15.656,593.75
15.662,589.27
15.668,588.29
15.673,587.66
15.679,588.08
15.685,588.21
15.691,587.44
15.697,587.72
15.702,587.83
15.708,587.69
15.714,587.54
15.72,587.9
15.726,587.85
15.732,588
15.737,587.4
15.743,587.34
15.749,587.59
15.755,587.6
15.761,587.84
15.766,587.34
15.772,587.42
15.778,587.55
15.784,587.11
15.79,587.45
15.795,587.24
15.801,587.01
15.807,587.16
15.813,586.79
15.819,586.6
15.824,586.78
15.83,586.88
15.836,586.89
15.842,586.85
15.848,586.96
15.853,586.88
15.859,586.7
15.865,586.53
15.871,586.39
15.877,586.64
15.882,586.5
15.888,586.46
15.894,586.42
15.9,586.06
15.906,586.3
15.911,586.2
15.917,586
15.923,585.93
15.929,585.88
15.935,586.28
15.94,586.23
15.946,586.24
15.952,586.22
15.958,585.98
15.964,586.04
15.97,585.92
15.975,585.92
15.981,585.62
15.987,585.41
15.993,585.66
15.999,585.43
16.004,585.39
16.01,585.37
16.016,585.39
16.022,585.62
16.028,585.71
16.033,585.93
16.039,585.95
16.045,585.76
16.051,585.78
16.057,585.66
16.062,585.87
16.068,585.87
16.074,585.69
16.08,585.86
16.086,585.85
16.091,585.89
16.097,586.08
16.103,586.06
16.109,586.33
16.115,586.26
16.12,586.18
16.126,586.06
16.132,585.57
16.138,585.86
16.144,586.03
16.149,585.92
16.155,585.77
16.161,585.81
16.167,586.01
16.173,585.83
16.179,585.92
16.184,586.09
16.19,586.18
16.196,586.45
16.202,586.48
16.208,586.2
16.213,585.81
16.219,585
16.225,584.57
16.231,584.89
16.237,584.86
16.242,584.81
16.248,584.24
16.254,580.92
16.26,577.4
16.266,570.88
16.271,561.29
16.277,551.19
16.283,540.19
16.289,537.19
16.295,533.46
16.3,532.24
16.306,532.59
16.312,532.34
16.318,533.51
16.324,532.67
16.329,529.67
16.335,528.18
16.341,528.46
16.347,528.25
16.353,527.74
16.358,528.84
16.364,528.96
16.37,527.64
16.376,528.13
16.382,528.6
16.387,527.69
16.393,528.42
16.399,528.32
16.405,526.86
16.411,528.58
16.417,528.78
16.422,526.92
16.428,527.97
16.434,528.38
16.44,527.5
16.446,528.08
16.451,528.09
16.457,527.24
16.463,527.62
16.469,527.25
16.475,526.99
16.48,527.31
16.486,527.06
16.492,526.86
16.498,527.02
16.504,526.87
16.509,526.9
16.515,526.84
16.521,526.38
16.527,526.65
16.533,526.75
16.538,526.68
16.544,526.64
16.55,526.92
16.556,526.85
16.562,526.83
16.567,526.6
16.573,526.83
16.579,526.81
16.585,526.74
16.591,526.46
16.596,526.6
16.602,526.89
16.608,526.57
16.614,526.71
16.62,526.69
16.625,526.53
16.631,526.61
16.637,526.46
16.643,526.5
16.649,526.68
16.655,526.77
16.66,526.97
16.666,526.73
16.672,526.32
16.678,526.43
16.684,526.32
16.689,526.42
16.695,526.52
16.701,526.53
16.707,526.49
16.713,526.47
16.718,526.62
16.724,526.39
16.73,526.44
16.736,526.51
16.742,526.57
16.747,526.62
16.753,526.65
16.759,526.47
16.765,526.62
16.771,526.75
16.776,526.8
16.782,526.9
16.788,526.77
16.794,526.88
16.8,526.67
16.805,526.85
16.811,527.1
16.817,526.9
16.823,526.89
16.829,526.78
16.834,526.97
16.84,527.06
16.846,527.07
16.852,527
16.858,527.24
16.863,527.38
16.869,527.23
16.875,527.24
16.881,527.65
16.887,527.66
16.893,527.65
16.898,527.97
16.904,527.96
16.91,527.9
16.916,527.76
16.922,527.31
16.927,527.01
16.933,526.55
16.939,526.08
16.945,525.92
16.951,526.03
16.956,526.43
16.962,527.16
16.968,526.86
16.974,526.29
16.98,526.16
16.985,525.84
16.991,525.61
16.997,526.51
17.003,526.75
17.009,526.13
17.014,526.02
17.02,526.6
17.026,527.1
17.032,527.82
17.038,528.93
17.043,529.43
17.049,528.94
17.055,529.09
17.061,530.01
17.067,528.63
17.072,527.21
17.078,527.65
17.084,527.89
17.09,528.15
17.096,528.23
17.101,528.11
17.107,528.03
17.113,527.91
17.119,527.85
17.125,527.85
17.131,527.7
17.136,527.56
17.142,527.57
17.148,527.31
17.154,527.31
17.16,527.4
17.165,527.26
17.171,527.35
17.177,527.03
17.183,527
17.189,527.49
17.194,527.23
17.2,527.12
17.206,527.51
17.212,527.36
17.218,527.12
17.223,527.17
17.229,527.3
17.235,527.23
17.241,527.06
17.247,527.01
17.252,527.27
17.258,527.16
17.264,526.91
17.27,527.09
17.276,526.89
17.281,526.97
17.287,526.97
17.293,526.92
17.299,527.03
17.305,527.1
17.31,526.68
17.316,526.91
17.322,526.96
17.328,526.86
17.334,526.89
17.34,526.85
17.345,526.94
17.351,526.6
17.357,526.19
17.363,526.28
17.369,526.28
17.374,526.3
17.38,526.15
17.386,526.27
17.392,526.33
17.398,526.15
17.403,526.38
17.409,526.97
17.415,527.32
17.421,527.24
17.427,527.53
17.432,527.4
17.438,527.31
17.444,527.41
17.45,527.48
17.456,527.93
17.461,527.59
17.467,527.77
17.473,527.63
17.479,527.16
17.485,527.01
17.49,526.89
17.496,526.93
17.502,527.34
17.508,527.24
17.514,526.93
17.519,527.29
17.525,527.31
17.531,527.31
17.537,527.1
17.543,526.95
17.548,527.12
17.554,527.91
17.56,527.93
17.566,531.47
17.572,547.75
17.578,565
17.583,578.99
17.589,585.34
17.595,584.07
17.601,586.32
17.607,586.92
17.612,585.17
17.618,587.51
17.624,587.82
17.63,587.25
17.636,588.92
17.641,587.14
17.647,586.83
17.653,588.43
17.659,587.65
17.665,588.8
17.67,588.73
17.676,587.4
17.682,588.57
17.688,588.81
17.694,588.5
17.699,589.33
17.705,587.98
17.711,589.03
17.717,589.26
17.723,588.08
17.728,589.81
17.734,593.11
17.74,596.57
17.746,609.89
17.752,640.2
17.757,647.05
17.763,652.56
17.769,656.01
17.775,656.89
17.781,656.79
17.786,656.14
17.792,657.95
17.798,658.72
17.804,658.78
17.81,658.02
17.816,656.59
17.821,658.58
17.827,658.22
17.833,657.6
17.839,659.09
17.845,657.54
17.85,657.16
17.856,658.31
17.862,658.36
17.868,658.53
17.874,657.88
17.879,658.68
17.885,661.1
17.891,665.87
17.897,674.03
17.903,684.52
17.908,689.28
17.914,690.28
17.92,696.74
17.926,703.28
17.932,698.25
17.937,698.3
17.943,702.38
17.949,703.25
17.955,702.29
17.961,701.29
17.966,702.36
17.972,703.74
17.978,703.44
17.984,701.35
17.99,702.04
17.995,703.11
18.001,702.91
18.007,702.46
18.013,701.89
18.019,701.96
18.024,703.13
18.03,703.31
18.036,701.65
18.042,701.59
18.048,702.66
18.054,702.29
18.059,701.03
18.065,701.89
18.071,701.23
18.077,695.93
18.083,691.69
18.088,688.38
18.094,679.69
18.1,678.17
18.106,682.25
18.112,686.32
18.117,687.54
18.123,676.7
18.129,645.47
18.135,0
18.141,592.47
18.146,588.56
18.152,591.35
18.158,591.59
18.164,589.95
18.17,591.12
18.175,591.67
18.181,591.08
18.187,589.99
18.193,590.91
18.199,591.12
18.204,588.77
18.21,590.96
18.216,591.05
18.222,588.64
18.228,589.12
18.233,589.67
18.239,589.76
18.245,589.27
18.251,589.3
18.257,589.4
18.262,589.19
18.268,586.79
18.274,584.1
18.28,585.21
18.286,0
18.292,538.24
18.297,539.47
18.303,534.13
18.309,532.03
18.315,529.96
18.321,530.13
18.326,529.47
18.332,529.14
18.338,528.32
18.344,528.58
18.35,528.25
18.355,528.73
18.361,529.65
18.367,529.23
18.373,530.26
18.379,529.33
18.384,528.29
18.39,528.18
18.396,528.35
18.402,529.02
18.408,529.23
18.413,528.58
18.419,529.31
18.425,529.14
18.431,528.04
18.437,527.93
18.442,528.01
18.448,528.8
18.454,528.94
18.46,527.97
18.466,528.93
18.471,528.62
18.477,528.59
18.483,530.08
18.489,529.3
18.495,531.36
18.5,531.86
18.506,529.64
18.512,532.68
18.518,531.35
18.524,529.62
18.53,531.34
18.535,529.09
18.541,529.87
18.547,528.89
18.553,527.82
18.559,529.28
18.564,528.35
18.57,528.06
18.576,528.9
18.582,528.53
18.588,527.86
18.593,528.05
18.599,527.9
18.605,527.93
18.611,528.27
18.617,527.85
18.622,528.75
18.628,528.37
18.634,528.46
18.64,529.2
18.646,527.76
18.651,528.59
18.657,528.94
18.663,527.1
18.669,527.63
18.675,528.5
18.68,528.05
18.686,528.57
18.692,527.45
18.698,526.98
18.704,528.6
18.709,527.63
18.715,528.16
18.721,530.18
18.727,527.48
18.733,528.66
18.739,531.47
18.744,527.19
18.75,524.78
18.756,530.92
18.762,530.37
18.768,531.66
18.773,545.62
18.779,560.88
18.785,569.31
18.791,573.94
18.797,587.88
18.802,585.02
18.808,584.44
18.814,587.55
18.82,587.68
18.826,587.28
18.831,587.26
18.837,587.41
18.843,587.36
18.849,587.71
18.855,587.84
18.86,587.88
18.866,588.15
18.872,588.11
18.878,587.96
18.884,587.22
18.889,585.99
18.895,583.72
18.901,565.91
18.907,548.21
18.913,543.69
18.918,541.65
18.924,535.84
18.93,534.2
18.936,538.62
18.942,537.26
18.947,541.07
18.953,534.77
18.959,528.06
18.965,529.96
18.971,528.46
18.977,530.53
18.982,531.3
18.988,530.51
18.994,528.5
19,527.97
19.006,527.94
19.011,526.76
19.017,526.87
19.023,527.83
19.029,527.4
19.035,526.51
19.04,528.01
19.046,528.13
19.052,527.01
19.058,524.57
19.064,513.85
19.069,504.68
19.075,502.4
19.081,501.32
19.087,499.81
19.093,499.13
19.098,499.19
19.104,498.73
19.11,499.35
19.116,498.84
19.122,497.55
19.127,497.27
19.133,496.15
19.139,496.61
19.145,497.01
19.151,496.02
19.156,496.1
19.162,497.68
19.168,499.05
19.174,499.44
19.18,499.39
19.185,499.03
19.191,497.08
19.197,495.8
19.203,500.84
19.209,506.41
19.215,507.32
19.22,504.92
19.226,500.93
19.232,0
19.238,0
19.244,422.77
19.249,411.52
19.255,396.13
19.261,394.5
19.267,395.58
19.273,398.52
19.278,396.12
19.284,400.77
19.29,400.95
19.296,398.28
19.302,401.57
19.307,396.41
19.313,396.11
19.319,396.16
19.325,394.87
19.331,396.11
19.336,395.92
19.342,399.73
19.348,397.23
19.354,394.69
19.36,398.25
19.365,398.16
19.371,395.79
19.377,396.59
19.383,397.98
19.389,395.74
19.394,394.87
19.4,394.72
19.406,397.28
19.412,407.15
19.418,403.11
19.423,395.71
19.429,393.48
19.435,389.96
19.441,388.56
19.447,386.75
19.453,385.54
19.458,383.21
19.464,375.76
19.47,374.57
19.476,380.11
19.482,382.75
19.487,381.65
19.493,381.4
19.499,381.67
19.505,379.52
19.511,379.02
19.516,377.89
19.522,375.85
19.528,377.27
19.534,377.74
19.54,375.15
19.545,375.1
19.551,377.23
19.557,377.59
19.563,378.13
19.569,378.37
19.574,377.6
19.58,377.39
19.586,377
19.592,376.16
19.598,375.4
19.603,375.57
19.609,375.92
19.615,375.97
19.621,376.87
19.627,376.93
19.632,375.87
19.638,375.42
19.644,375.54
19.65,374.69
19.656,374.68
19.661,375.13
19.667,375.19
19.673,375.27
19.679,375.08
19.685,374.91
19.691,374.55
19.696,374.33
19.702,374.12
19.708,374.1
19.714,374.01
19.72,373.59
19.725,373.49
19.731,373.67
19.737,374
19.743,374.16
19.749,374.12
19.754,373.9
19.76,373.76
19.766,373.79
19.772,374
19.778,373.86
19.783,373.93
19.789,373.69
19.795,373.64
19.801,373.71
19.807,373.57
19.812,373.58
19.818,373.47
19.824,373.21
19.83,373.34
19.836,373.49
19.841,373.38
19.847,373.27
19.853,373.36
19.859,373.17
19.865,372.99
19.87,373.06
19.876,373.05
19.882,373.2
19.888,373.37
19.894,373.08
19.9,373
19.905,373.15
19.911,373.2
19.917,372.98
19.923,372.82
19.929,372.78
19.934,372.83
19.94,372.81
19.946,372.95
19.952,372.81
19.958,372.78
19.963,372.88
19.969,372.99
19.975,373.02
19.981,373.09
19.987,373.17
19.992,373.3
19.998,373.35
20.004,373.5
20.01,373.79
20.016,373.81
20.021,373.84
20.027,373.99
20.033,373.98
20.039,374.05
20.045,374.19
20.05,373.89
20.056,374.19
20.062,374.37
20.068,374.36
20.074,374.19
20.079,374.14
20.085,374.67
20.091,374.13
20.097,374.3
20.103,374.7
20.108,373.97
20.114,374.34
20.12,374.75
20.126,374.55
20.132,374.74
20.138,374.8
20.143,374.72
20.149,375.01
20.155,375.31
20.161,375.19
20.167,376.68
20.172,378.86
20.178,380.01
20.184,381.27
20.19,382.57
20.196,383.17
20.201,384.72
20.207,386.05
20.213,387.19
20.219,387.71
20.225,388.24
20.23,389
20.236,389.13
20.242,391.25
20.248,393.52
20.254,394.29
20.259,395.04
20.265,393.83
20.271,393.5
20.277,394.35
20.283,395.27
20.288,397.62
20.294,397.52
20.3,395.08
20.306,394.27
20.312,394.1
20.317,395.15
20.323,396.07
20.329,396.65
20.335,396.91
20.341,396.5
20.346,395.36
20.352,394.08
20.358,394.2
20.364,394.27
20.37,394.89
20.376,395.94
20.381,396.3
20.387,397.06
20.393,396.48
20.399,395.74
20.405,395.23
20.41,394.66
20.416,394.83
20.422,395.16
20.428,395.75
20.434,396.11
20.439,396.19
20.445,395.66
20.451,394.67
20.457,394.57
20.463,394.48
20.468,394.88
20.474,395.46
20.48,395.57
20.486,396.06
20.492,395.85
20.497,395.51
20.503,395.03
20.509,394.21
20.515,394.69
20.521,395.19
20.526,395.72
20.532,395.5
20.538,394.74
20.544,395.47
20.55,395.25
20.555,395.12
20.561,395.15
20.567,394.74
20.573,394.93
20.579,394.61
20.584,395.07
20.59,395.24
20.596,394.85
20.602,394.85
20.608,394.67
20.614,395.16
20.619,394.76
20.625,394.49
20.631,394.69
20.637,394.35
20.643,394.52
20.648,394.51
20.654,394.47
20.66,394.38
20.666,394.07
20.672,394.38
20.677,394.73
20.683,394.43
20.689,394.15
20.695,394.37
20.701,394.07
20.706,394.09
20.712,393.93
20.718,393.56
20.724,393.96
20.73,393.99
20.735,394.15
20.741,393.64
20.747,393.28
20.753,393.76
20.759,393.76
20.764,393.19
20.77,393.07
20.776,393.48
20.782,393.32
20.788,393.41
20.793,393.1
20.799,393.19
20.805,393.55
20.811,392.8
20.817,393.66
20.822,393.38
20.828,392.89
20.834,392.91
20.84,392.79
20.846,392.96
20.852,392.81
20.857,393.12
20.863,392.73
20.869,392.73
20.875,392.78
20.881,392.42
20.886,392.7
20.892,392.66
20.898,392.47
20.904,392.46
20.91,392.58
20.915,392.55
20.921,392.68
20.927,392.58
20.933,392.25
20.939,392.85
20.944,392.95
20.95,393.2
20.956,393.28
20.962,393.22
20.968,393.62
20.973,393.79
20.979,393.92
20.985,393.82
20.991,394.21
20.997,394.42
21.002,394.85
21.008,394.77
21.014,395.04
21.02,394.8
21.026,394.29
21.031,394.88
21.037,394.89
21.043,394.79
21.049,394.91
21.055,394.97
21.06,394.83
21.066,394.36
21.072,394.47
21.078,394.88
21.084,394.97
21.09,395.14
21.095,395.42
21.101,395.76
21.107,395.51
21.113,396.19
21.119,397.69
21.124,398.74
21.13,400.14
21.136,400.88
21.142,400.35
21.148,393.8
21.153,381.54
21.159,392.39
21.165,397.09
21.171,400.91
21.177,403.2
21.182,399.43
21.188,397.29
21.194,399.58
21.2,394.97
21.206,385.36
21.211,387.5
21.217,394.52
21.223,395.78
21.229,395.32
21.235,392.08
21.24,390.57
21.246,0
21.252,0
21.258,0
21.264,0
21.269,0
21.275,0
21.281,0
21.287,0
21.293,0
21.299,0
21.304,651.74
21.31,664.5
21.316,653.68
21.322,660.07
21.328,658.59
21.333,662.1
21.339,657.66
21.345,658.11
21.351,659.11
21.357,657.47
21.362,658.32
21.368,658.93
21.374,660.12
21.38,659.38
21.386,659.29
21.391,658.78
21.397,658.46
21.403,659.31
21.409,658.73
21.415,658.54
21.42,658.79
21.426,658.83
21.432,658.27
21.438,658.75
21.444,658.66
21.449,659
21.455,659.06
21.461,658.49
21.467,658.58
21.473,659.31
21.478,658.96
21.484,658.64
21.49,659.02
21.496,658.65
21.502,659.66
21.507,658.84
21.513,658.18
21.519,658.68
21.525,658.84
21.531,658.54
21.537,658.88
21.542,658.74
21.548,658.87
21.554,658.89
21.56,658.55
21.566,659.06
21.571,659.06
21.577,658.61
21.583,658.7
21.589,658.42
21.595,658.23
21.6,658.82
21.606,658.64
21.612,658.61
21.618,658.41
21.624,658.14
21.629,657.97
21.635,658.3
21.641,658.32
21.647,658.18
21.653,657.63
21.658,657.31
21.664,657.82
21.67,657.61
21.676,657.34
21.682,656.92
21.687,657
21.693,657.26
21.699,657.26
21.705,656.95
21.711,657.14
21.716,657.21
21.722,656.99
21.728,657.51
21.734,657.34
21.74,657.38
21.745,657.4
21.751,657.39
21.757,657.33
21.763,657.14
21.769,656.48
21.775,656.17
21.78,656.07
21.786,654.91
21.792,654.87
21.798,656.77
21.804,656.5
21.809,657.61
21.815,656.63
21.821,650.87
21.827,650.65
21.833,655.3
21.838,650.01
21.844,639.2
21.85,624.48
21.856,614.33
21.862,596.59
21.867,592.08
21.873,592
21.879,590.64
21.885,590.28
21.891,588.94
21.896,589.48
21.902,590.98
21.908,589.18
21.914,589.11
21.92,589.14
21.925,589.04
21.931,590.6
21.937,589.5
21.943,589.07
21.949,589.77
21.954,588.55
21.96,589.83
21.966,589.83
21.972,588.83
21.978,589.68
21.983,589.26
21.989,588.29
21.995,589.41
22.001,589.01
22.007,588.67
22.013,588.82
22.018,588.78
22.024,588.67
22.03,588.84
22.036,588.67
22.042,588.64
22.047,588.54
22.053,588.58
22.059,588.45
22.065,588.9
22.071,588.46
22.076,588.38
22.082,588.65
22.088,588.56
22.094,588.32
22.1,588.61
22.105,588.35
22.111,588.36
22.117,588.46
22.123,588.23
22.129,588.01
22.134,588.16
22.14,587.76
22.146,587.45
22.152,587.21
22.158,586.38
22.163,584.25
22.169,582.82
22.175,587.32
22.181,586.33
22.187,586.38
22.192,584.64
22.198,581.01
22.204,577.58
22.21,558.43
22.216,544.47
22.221,537.62
22.227,536.49
22.233,532.02
22.239,531.02
22.245,534.6
22.251,533.86
22.256,531.41
22.262,532.92
22.268,531.65
22.274,529.56
22.28,529.54
22.285,527.96
22.291,528.17
22.297,527.96
22.303,527
22.309,527.42
22.314,527.76
22.32,527.9
22.326,527.66
22.332,527.48
22.338,528.21
22.343,528.05
22.349,527.34
22.355,527.97
22.361,527.46
22.367,527.18
22.372,528.02
22.378,527.51
22.384,527.16
22.39,527.98
22.396,527.61
22.401,527.37
22.407,527.78
22.413,527.4
22.419,527.4
22.425,527.55
22.43,527.23
22.436,527.41
22.442,527.44
22.448,527.27
22.454,527.16
22.46,527.04
22.465,527.03
22.471,527.15
22.477,527.25
22.483,527.19
22.489,527.24
22.494,527.07
22.5,527.21
22.506,527.21
22.512,527.29
22.518,527.19
22.523,527.22
22.529,527.48
22.535,527.26
22.541,526.84
22.547,527.23
22.552,526.92
22.558,527.01
22.564,527.29
22.57,526.96
22.576,527.28
22.581,527.59
22.587,527.23
22.593,527.23
22.599,527.14
22.605,527.32
22.61,527.49
22.616,527.59
22.622,527.7
22.628,527.61
22.634,527.44
22.639,527.63
22.645,527.75
22.651,527.63
22.657,527.73
22.663,527.88
22.668,527.72
22.674,527.76
22.68,527.82
22.686,527.78
22.692,527.74
22.698,527.72
22.703,528.12
22.709,528
22.715,528.02
22.721,528.23
22.727,527.77
22.732,528.02
22.738,527.99
22.744,528.11
22.75,528.09
22.756,528.1
22.761,528
22.767,528.1
22.773,528.08
22.779,528.09
22.785,528.02
22.79,528.17
22.796,528.42
22.802,528.19
22.808,528.09
22.814,528.25
22.819,528.2
22.825,527.97
22.831,528.33
22.837,528.25
22.843,528.44
22.848,528.19
22.854,528.47
22.86,528.65
22.866,528.15
22.872,528.53
22.877,528.7
22.883,528.3
22.889,528.39
22.895,528.65
22.901,528.53
22.906,528.34
22.912,528.2
22.918,528.12
22.924,528.26
22.93,529.15
22.936,528.76
22.941,528.58
22.947,528.6
22.953,528.6
22.959,528.8
22.965,528.86
22.97,528.97
22.976,528.66
22.982,528.72
22.988,528.42
22.994,528.25
22.999,528.88
23.005,528.83
23.011,528.53
23.017,529.29
23.023,529.01
23.028,528.82
23.034,528.8
23.04,529.01
23.046,529.32
23.052,529.45
23.057,529.11
23.063,528.06
23.069,529.12
23.075,529.9
23.081,529.21
23.086,528.73
23.092,529.13
23.098,529.71
23.104,529.62
23.11,529.75
23.115,530.16
23.121,529.75
23.127,530.37
23.133,529.25
23.139,526.58
23.144,526.79
23.15,528.04
23.156,528.37
23.162,527.17
23.168,526.85
23.174,527.71
23.179,526.89
23.185,528.18
23.191,528.62
23.197,527.24
23.203,527.64
23.208,527.48
23.214,529.64
23.22,527.92
23.226,526.11
23.232,527.17
23.237,526.44
23.243,527.82
23.249,528.01
23.255,526.93
23.261,526.64
23.266,525.78
23.272,529.13
23.278,530.3
23.284,525.12
23.29,527.21
23.295,532.12
23.301,533.9
23.307,530.85
23.313,526.2
23.319,525.74
23.324,537.39
23.33,552.72
23.336,558.75
23.342,548.08
23.348,0
23.353,0
23.359,0
23.365,0
23.371,0
23.377,0
23.382,0
23.388,0
23.394,0
23.4,0
23.406,0
23.412,0
23.417,0
23.423,0
23.429,0
23.435,0
23.441,0
23.446,0
23.452,0
23.458,0
23.464,0
23.47,0
23.475,0
23.481,0
23.487,0
23.493,0
23.499,0
23.504,0
23.51,495.13
23.516,490.65
23.522,490.25
23.528,488.06
23.533,491.75
23.539,492.7
23.545,492.89
23.551,493.16
23.557,493.49
23.562,493.78
23.568,494.06
23.574,494.19
23.58,494.55
23.586,495.35
23.591,496.07
23.597,496.31
23.603,496.14
23.609,495.53
23.615,494.22
23.62,494.29
23.626,494.23
23.632,494.04
23.638,495.13
23.644,0
23.65,0
23.655,0
23.661,397.81
23.667,396.39
23.673,396.66
23.679,395.99
23.684,395.8
23.69,395.29
23.696,401.12
23.702,399.42
23.708,395.44
23.713,398.56
23.719,396.01
23.725,396.78
23.731,400.91
23.737,405.87
23.742,407.16
23.748,410.68
23.754,415.34
23.76,409.27
23.766,414.88
23.771,396.91
23.777,401.72
23.783,402.94
23.789,408.26
23.795,407.62
23.8,406.35
23.806,402.15
23.812,404.38
23.818,418.93
23.824,442.54
23.829,446.64
23.835,446.2
23.841,449.84
23.847,447.88
23.853,447.92
23.859,448.92
23.864,449.31
23.87,449.15
23.876,448.74
23.882,448.24
23.888,448.75
23.893,449.68
23.899,448.73
23.905,448.32
23.911,449.13
23.917,449.05
23.922,448.85
23.928,448.89
23.934,449.12
23.94,448.87
23.946,448.79
23.951,449.68
23.957,448.62
23.963,448.6
23.969,449.59
23.975,446.87
23.98,445.61
23.986,446.71
23.992,455.28
23.998,457.79
24.004,455.32
24.009,462.25
24.015,0
24.021,485.64
24.027,495.98
24.033,499.87
24.038,499.15
24.044,498.11
24.05,498.21
24.056,498.99
24.062,499.26
24.067,498.81
24.073,499.26
24.079,499.79
24.085,498.87
24.091,497.99
24.097,498.05
24.102,498.91
24.108,498.56
24.114,498.76
24.12,499.58
24.126,498.6
24.131,498.12
24.137,498.55
24.143,499.09
24.149,499.34
24.155,500
24.16,507.76
24.166,512.87
24.172,518.96
24.178,521.23
24.184,523.59
24.189,526.27
24.195,527.88
24.201,527.59
24.207,526.45
24.213,526.45
24.218,525.41
24.224,526.52
24.23,528.03
24.236,528.55
24.242,528.59
24.247,528.76
24.253,528.32
24.259,528.54
24.265,529.12
24.271,529.32
24.276,529.68
24.282,531.32
24.288,533.79
24.294,536.62
24.3,541.14
24.305,543.37
24.311,543.63
24.317,542.12
24.323,539.56
24.329,541.47
24.335,542.34
24.34,542.27
24.346,543.41
24.352,545.54
24.358,548.69
24.364,549
24.369,548.11
24.375,548
24.381,547.47
24.387,547.53
24.393,548.6
24.398,547.62
24.404,546.18
24.41,547.97
24.416,550.7
24.422,551.81
24.427,549.64
24.433,547.03
24.439,553.78
24.445,562.71
24.451,570.12
24.456,580.46
24.462,585.74
24.468,590.19
24.474,589.6
24.48,586.15
24.485,588.09
24.491,591.97
24.497,591.4
24.503,590.32
24.509,589.72
24.514,589.95
24.52,592.03
24.526,592.1
24.532,590.62
24.538,591.05
24.543,591.72
24.549,592.04
24.555,591.9
24.561,590.49
24.567,590.49
24.573,591.58
24.578,591.49
24.584,591.52
24.59,591.21
24.596,591.41
24.602,592.01
24.607,592.14
24.613,591.34
24.619,590.78
24.625,591.48
24.631,592.04
24.636,592.35
24.642,593.73
24.648,597.14
24.654,604.57
24.66,615.58
24.665,634.64
24.671,641.76
24.677,651.46
24.683,656.98
24.689,656.36
24.694,658.72
24.7,658.05
24.706,656.26
24.712,658.38
24.718,659.29
24.723,657.99
24.729,660.16
24.735,657.17
24.741,657.24
24.747,661.04
24.752,660.71
24.758,657.23
24.764,657.49
24.77,661.83
24.776,659.22
24.781,659.62
24.787,659.49
24.793,657.75
24.799,659.43
24.805,658.62
24.811,659.77
24.816,660.25
24.822,658.57
24.828,659.86
24.834,659.61
24.84,659.52
24.845,660.28
24.851,659.3
24.857,659.85
24.863,659.97
24.869,659.34
24.874,659.61
24.88,658.78
24.886,659.25
24.892,658.97
24.898,659.35
24.903,659.32
24.909,658.58
24.915,658.87
24.921,658.76
24.927,658.66
24.932,659.13
24.938,659.26
24.944,659.41
24.95,659.46
24.956,659.9
24.961,660.03
24.967,660.35
24.973,661.8
24.979,662.85
24.985,664.52
24.99,666.15
24.996,663.75
25.002,662.19
25.008,673.49
25.014,679.46
25.02,687.27
25.025,697.24
25.031,690.19
25.037,690.87
25.043,700.33
25.049,706.23
25.054,695.8
25.06,694.67
25.066,701.79
25.072,708.75
25.078,700.27
25.083,697.71
25.089,702.58
25.095,710.34
25.101,705.02
25.107,701.87
25.112,707.55
25.118,709.74
25.124,701.44
25.13,702.11
25.136,708.86
25.141,706.42
25.147,703.55
25.153,707.18
25.159,707.08
25.165,704.61
25.17,705.49
25.176,707.35
25.182,706.09
25.188,705.29
25.194,706.02
25.199,705.54
25.205,706.29
25.211,706.88
25.217,704.99
25.223,705.41
25.228,706.97
25.234,705.42
25.24,703.82
25.246,704.29
25.252,706.15
25.258,705.63
25.263,704.03
25.269,704.39
25.275,705.45
25.281,704.58
25.287,704.29
25.292,704.84
25.298,704.3
25.304,704.06
25.31,703.98
25.316,704.01
25.321,704.2
25.327,703.98
25.333,703.25
25.339,703.27
25.345,703.05
25.35,702.81
25.356,703.21
25.362,702.93
25.368,702.44
25.374,702.49
25.379,702.23
25.385,702.28
25.391,702.8
25.397,702.47
25.403,702.88
25.408,702.64
25.414,702.94
25.42,702.95
25.426,702.71
25.432,702.6
25.437,702.62
25.443,702.94
25.449,703.22
25.455,702.57
25.461,702.81
25.466,702.88
25.472,701.67
25.478,699.48
25.484,697.13
25.49,699.07
25.496,700.64
25.501,687.84
25.507,681.95
25.513,676.75
25.519,672.64
25.525,670.95
25.53,668.72
25.536,666.3
25.542,662.47
25.548,661.65
25.554,666.21
25.559,665.52
25.565,659.3
25.571,659.9
25.577,663.1
25.583,662.73
25.588,659.18
25.594,661.73
25.6,663.2
25.606,659.34
25.612,658.48
25.617,661.99
25.623,661.29
25.629,658.24
25.635,658.48
25.641,659.73
25.646,659.33
25.652,658.14
25.658,658.21
25.664,658.96
25.67,659.14
25.675,658.7
25.681,658.92
25.687,659.17
25.693,659.26
25.699,658.95
25.704,658.46
25.71,658.81
25.716,659.34
25.722,658.64
25.728,658.19
25.734,657.93
25.739,657.05
25.745,656.13
25.751,656.22
25.757,656.23
25.763,655.11
25.768,655.77
25.774,661.11
25.78,662.37
25.786,661.45
25.792,652.45
25.797,645.39
25.803,646.81
25.809,653.12
25.815,632.53
25.821,614.52
25.826,608.04
25.832,596.28
25.838,591.68
25.844,590.85
25.85,591.5
25.855,592.42
25.861,590.8
25.867,590.38
25.873,590.47
25.879,591.44
25.884,590.91
25.89,590.26
25.896,591.19
25.902,590.47
25.908,591.5
25.913,591.75
25.919,590.45
25.925,591.8
25.931,591.08
25.937,590.41
25.942,591.67
25.948,590.44
25.954,589.99
25.96,590.98
25.966,589.99
25.972,589.72
25.977,590.97
25.983,590.54
25.989,590.43
25.995,590.44
26.001,590.51
26.006,590.63
26.012,589.95
26.018,590.62
26.024,590.56
26.03,590.16
26.035,590.38
26.041,590.06
26.047,590.14
26.053,589.92
26.059,589.91
26.064,590.15
26.07,589.9
26.076,589.85
26.082,589.75
26.088,589.66
26.093,590.07
26.099,589.77
26.105,590
26.111,590.12
26.117,589.57
26.122,589.5
26.128,589.6
26.134,589.8
26.14,589.31
26.146,588.93
26.151,588.79
26.157,588.41
26.163,588.06
26.169,588.11
26.175,587.71
26.18,587.36
26.186,587.16
26.192,586.94
26.198,587.03
26.204,587.09
26.21,587.37
26.215,587.32
26.221,587.53
26.227,587.49
26.233,587.6
26.239,588.99
26.244,589.02
26.25,581.05
26.256,566.41
26.262,560.78
26.268,559.2
26.273,560.41
26.279,560.26
26.285,558.98
26.291,559.37
26.297,559.65
26.302,558.44
26.308,559.15
26.314,560.39
26.32,558.89
26.326,557.18
26.331,556.26
26.337,556.37
26.343,556.96
26.349,557.55
26.355,559.02
26.36,556.22
26.366,559.21
26.372,548.98
26.378,541.16
26.384,530.76
26.389,0
26.395,0
26.401,462.33
26.407,461.15
26.413,452.63
26.419,451.86
26.424,454.17
26.43,449.98
26.436,454.6
26.442,452.32
26.448,446.41
26.453,448.39
26.459,448.19
26.465,451.11
26.471,450.95
26.477,447.92
26.482,447.75
26.488,447.45
26.494,448.3
26.5,449.67
26.506,447.32
26.511,447.84
26.517,447.5
26.523,446.52
26.529,448.77
26.535,448.49
26.54,447.67
26.546,447.61
26.552,445.2
26.558,445.4
26.564,450.14
26.569,455.27
26.575,461.43
26.581,462.72
26.587,464.25
26.593,466.1
26.598,466.91
26.604,467.78
26.61,468.31
26.616,469.4
26.622,470.04
26.627,471.01
26.633,470.61
26.639,468.99
26.645,468.7
26.651,468.2
26.657,469.37
26.662,470.68
26.668,467.51
26.674,463.63
26.68,457.07
26.686,456.14
26.691,459.28
26.697,461.35
26.703,459.54
26.709,458.75
26.715,460.21
26.72,460.64
26.726,462.34
26.732,464.28
26.738,465.32
26.744,467.29
26.749,465.06
26.755,461.86
26.761,461.86
26.767,460.87
26.773,459.19
26.778,463.1
26.784,465.68
26.79,466.4
26.796,473.25
26.802,478.49
26.807,481.14
26.813,480.53
26.819,484.57
26.825,503.18
26.831,529.13
26.836,0
26.842,565.2
26.848,544.67
26.854,554.38
26.86,562.31
26.865,551.2
26.871,549.77
26.877,535.61
26.883,521.07
26.889,504.01
26.895,477.78
26.9,473.05
26.906,485.43
26.912,515.46
26.918,524.28
26.924,520.95
26.929,526.41
26.935,531.6
26.941,526.06
26.947,526.95
26.953,530.13
26.958,530.9
26.964,529.19
26.97,528.52
26.976,527.79
26.982,527.98
26.987,529.65
26.993,529.37
26.999,529.24
27.005,529.18
27.011,529.79
27.016,527.1
27.022,527.63
27.028,527.96
27.034,528.16
27.04,526.06
27.045,526.83
27.051,528.11
27.057,527.78
27.063,527.62
27.069,527.43
27.074,527.67
27.08,526.29
27.086,527.69
27.092,529.22
27.098,527.16
27.103,525.16
27.109,527.84
27.115,528.28
27.121,525.87
27.127,526.62
27.133,525.38
27.138,525.02
27.144,528.91
27.15,527.8
27.156,525.95
27.162,528.66
27.167,527.88
27.173,526.03
27.179,530.78
27.185,530.75
27.191,526.96
27.196,528.61
27.202,533.38
27.208,532.18
27.214,530.47
27.22,530.66
27.225,528.74
27.231,531.28
27.237,533.35
27.243,532.72
27.249,532.84
27.254,532.59
27.26,539.89
27.266,540.71
27.272,542.12
27.278,544.22
27.283,0
27.289,0
27.295,0
27.301,0
27.307,0
27.312,0
27.318,0
27.324,0
27.33,0
27.336,0
27.341,0
27.347,0
27.353,0
27.359,0
27.365,0
27.371,0
27.376,0
27.382,0
27.388,0
27.394,0
27.4,0
27.405,0
27.411,0
27.417,0
27.423,0
27.429,0
27.434,552.93
27.44,570.04
27.446,568.89
27.452,563.56
27.458,559.68
27.463,560.38
27.469,559.74
27.475,559.67
27.481,560.16
27.487,559.56
27.492,558.55
27.498,558.78
27.504,558.92
27.51,558.92
27.516,558.63
27.521,558.46
27.527,558.53
27.533,558.41
27.539,558.25
27.545,558.6
27.55,558.41
27.556,558.02
27.562,558.46
27.568,559.51
27.574,561.18
27.58,566.21
27.585,567.93
27.591,569.09
27.597,572.41
27.603,569.12
27.609,562.04
27.614,556.86
27.62,558.96
27.626,562.44
27.632,569.06
27.638,570
27.643,556.65
27.649,563.76
27.655,569.88
27.661,582.67
27.667,591.11
27.672,572.74
27.678,583.52
27.684,589.43
27.69,577.81
27.696,605.85
27.701,607.53
27.707,595.22
27.713,600.63
27.719,603.07
27.725,605.92
27.73,619.07
27.736,636.71
27.742,638.59
27.748,658.43
27.754,654.06
27.759,652.43
27.765,658.29
27.771,652.99
27.777,659.25
27.783,656.95
27.788,656.55
27.794,660.79
27.8,658.81
27.806,658.22
27.812,657.86
27.818,657.42
27.823,657.79
27.829,658.07
27.835,658.04
27.841,657.56
27.847,657.84
27.852,657.63
27.858,657.7
27.864,657.88
27.87,657.81
27.876,657.76
27.881,658.02
27.887,658.19
27.893,658.26
27.899,658.35
27.905,658.24
27.91,658.4
27.916,658.33
27.922,658.05
27.928,657.63
27.934,657.67
27.939,657.76
27.945,657.77
27.951,657.69
27.957,657.72
27.963,657.85
27.968,657.74
27.974,657.66
27.98,657.64
27.986,658.14
27.992,658.3
27.997,658.26
28.003,658.18
28.009,658.61
28.015,658.53
28.021,658.85
28.026,658.75
28.032,658.88
28.038,660.29
28.044,663.86
28.05,668.68
28.056,670.86
28.061,675.02
28.067,681
28.073,685.26
28.079,693.08
28.085,692.74
28.09,692.63
28.096,693.74
28.102,702.85
28.108,729.88
28.114,731.7
28.119,746.33
28.125,760.92
28.131,781.88
28.137,770.11
28.143,761.91
28.148,773.27
28.154,786.54
28.16,779.88
28.166,777.34
28.172,785.83
28.177,784.41
28.183,781.77
28.189,782.95
28.195,786.26
28.201,786.56
28.206,785.83
28.212,785.12
28.218,785.78
28.224,789.12
28.23,786.8
28.235,784.9
28.241,785.75
28.247,788.01
28.253,787.41
28.259,786.74
28.264,786.67
28.27,786.84
28.276,787.63
28.282,787.37
28.288,786.41
28.294,786.33
28.299,787.71
28.305,786.95
28.311,786.47
28.317,787.16
28.323,787.73
28.328,787.07
28.334,786.59
28.34,787.34
28.346,787.59
28.352,787.26
28.357,786.9
28.363,787.12
28.369,786.97
28.375,786.45
28.381,786.39
28.386,786.61
28.392,786.59
28.398,786.86
28.404,786.77
28.41,787.04
28.415,786.88
28.421,786.04
28.427,786.16
28.433,786.96
28.439,786.79
28.444,786.23
28.45,786.07
28.456,786.05
28.462,785.66
28.468,785.48
28.473,785.55
28.479,785.84
28.485,785.72
28.491,785.92
28.497,785.79
28.502,785.3
28.508,785.35
28.514,785.5
28.52,785.3
28.526,785.32
28.532,785.3
28.537,785.51
28.543,785.63
28.549,785.31
28.555,785.83
28.561,785.83
28.566,785.25
28.572,785.53
28.578,785.82
28.584,785.87
28.59,785.41
28.595,784.96
28.601,784.77
28.607,784.8
28.613,784.82
28.619,784.46
28.624,784.37
28.63,784.43
28.636,784.45
28.642,784.45
28.648,784.41
28.653,784.4
28.659,784.59
28.665,784.59
28.671,784.96
28.677,784.96
28.682,784.69
28.688,784.83
28.694,784.79
28.7,784.22
28.706,781.92
28.711,781.3
28.717,778.54
28.723,774.92
28.729,785.29
28.735,777.01
28.74,751.34
28.746,738.72
28.752,723.37
28.758,683.46
28.764,662.91
28.77,654.52
28.775,653.22
28.781,655.83
28.787,657.39
28.793,661.25
28.799,659.47
28.804,656.62
28.81,660.77
28.816,662.58
28.822,659.22
28.828,657.94
28.833,659.2
28.839,659.56
28.845,659.02
28.851,658.15
28.857,659.64
28.862,660.21
28.868,658.31
28.874,658.26
28.88,660.68
28.886,659.7
28.891,657.68
28.897,658.36
28.903,659.59
28.909,659.34
28.915,658.11
28.92,658.44
28.926,658.76
28.932,658.94
28.938,658.04
28.944,658.25
28.949,658.8
28.955,658.31
28.961,658.02
28.967,658.6
28.973,658.79
28.979,658.25
28.984,657.94
28.99,658.74
28.996,658.16
29.002,657.15
29.008,658.6
29.013,658.54
29.019,658.24
29.025,658.09
29.031,658.13
29.037,658.1
29.042,658.33
29.048,657.91
29.054,657.74
29.06,657.89
29.066,657.57
29.071,658.4
29.077,657.83
29.083,656.77
29.089,657.18
29.095,657.48
29.1,657.18
29.106,657.5
29.112,658.45
29.118,658.69
29.124,658.99
29.129,658.27
29.135,658.12
29.141,656.81
29.147,656.44
29.153,658.05
29.158,658.82
29.164,659.88
29.17,661.12
29.176,658.95
29.182,658.32
29.187,657.16
29.193,656.43
29.199,657.78
29.205,660.8
29.211,660.91
29.217,660.46
29.222,664.95
29.228,660.68
29.234,658.8
29.24,657.92
29.246,654.94
29.251,653.98
29.257,654.16
29.263,656.58
29.269,656.8
29.275,656.32
29.28,652.11
29.286,651.07
29.292,653.1
29.298,648.48
29.304,651.77
29.309,655.81
29.315,654.17
29.321,657.04
29.327,665.63
29.333,664.6
29.338,652.29
29.344,640.9
29.35,646.8
29.356,661.95
29.362,666.29
29.367,671.46
29.373,671.42
29.379,652.11
29.385,649.89
29.391,660.92
29.396,663.61
29.402,663.84
29.408,0
29.414,0
29.42,0
29.425,0
29.431,0
29.437,0
29.443,0
29.449,0
29.455,0
29.46,0
29.466,0
29.472,0
29.478,0
29.484,0
29.489,0
29.495,0
29.501,0
29.507,0
29.513,0
29.518,0
29.524,0
29.53,0
29.536,0
29.542,0
29.547,0
29.553,658.23
29.559,660
29.565,658.12
29.571,657.99
29.576,659.54
29.582,660.25
29.588,658.99
29.594,659.53
29.6,660.5
29.605,659.96
29.611,659.74
29.617,660.32
29.623,660.29
29.629,660.52
29.634,660.38
29.64,660.29
29.646,660.23
29.652,660.67
29.658,660.62
29.663,660.73
29.669,660.8
29.675,659.92
29.681,656.39
29.687,641.62
29.693,612.65
29.698,631.97
29.704,622.88
29.71,609.59
29.716,617.8
29.722,634.14
29.727,632.66
29.733,635.13
29.739,635.33
29.745,619.88
29.751,615.65
29.756,610.49
29.762,577.25
29.768,574.29
29.774,568.93
29.78,565.68
29.785,564.74
29.791,563.23
29.797,564.89
29.803,564.05
29.809,562.57
29.814,562.95
29.82,563
29.826,564.14
29.832,564.33
29.838,564.76
29.843,565.89
29.849,568.1
29.855,573.59
29.861,577.93
29.867,586.82
29.872,587.38
29.878,589.94
29.884,625.21
29.89,0
29.896,683.16
29.901,683.88
29.907,694.02
29.913,702.29
29.919,701.27
29.925,703.49
29.931,701.53
29.936,701.92
29.942,705.99
29.948,704.77
29.954,704.64
29.96,705.58
29.965,707.45
29.971,706.43
29.977,706.03
29.983,705.73
29.989,703.86
29.994,705.64
30,708.11
30.006,707.65
30.012,703.65
30.018,695.73
30.023,689.84
30.029,681.62
30.035,679.74
30.041,677.85
30.047,675.06
30.052,671.62
30.058,672.18
30.064,670.79
30.07,666.61
30.076,668.99
30.081,669.04
30.087,663.12
30.093,664.44
30.099,668.91
30.105,668.27
30.11,663.54
30.116,665.74
30.122,668.89
30.128,665.46
30.134,661.87
30.14,665.47
30.145,665.22
30.151,661.55
30.157,661.54
30.163,663.39
30.169,662.89
30.174,661
30.18,664.47
30.186,673.82
30.192,682.31
30.198,686.92
30.203,688.38
30.209,690.71
30.215,0
30.221,753.17
30.227,754.47
30.232,774.94
30.238,779.54
30.244,771.12
30.25,775.3
30.256,781.44
30.261,775.2
30.267,777.91
30.273,784.93
30.279,781.98
30.285,781.67
30.29,787.23
30.296,789.33
30.302,787.18
30.308,785.43
30.314,788.79
30.319,791
30.325,788.49
30.331,789.22
30.337,790.53
30.343,788.55
30.348,786.7
30.354,788.9
30.36,790.42
30.366,787.95
30.372,786.62
30.378,788.6
30.383,790.75
30.389,788.6
30.395,786.12
30.401,785.89
30.407,780.17
30.412,774.46
30.418,773.91
30.424,777.8
30.43,777.47
30.436,768.71
30.441,757.36
30.447,752.54
30.453,738.63
30.459,721.51
30.465,682.62
30.47,668.23
30.476,670.39
30.482,671.37
30.488,666.17
30.494,663.44
30.499,668.58
30.505,669.13
30.511,664.04
30.517,665.19
30.523,673.77
30.528,670.15
30.534,661.8
30.54,664.32
30.546,664.38
30.552,662.41
30.557,661.22
30.563,663.09
30.569,664.46
30.575,662.66
30.581,660.74
30.586,662.1
30.592,663.36
30.598,662.87
30.604,669.63
30.61,684.33
30.616,718.52
30.621,740.06
30.627,765.26
30.633,756.92
30.639,756.95
30.645,745.37
30.65,707.59
30.656,692.95
30.662,700.59
30.668,689.13
30.674,664.37
30.679,706.24
30.685,0
30.691,0
30.697,0
30.703,0
30.708,879.56
30.714,886.03
30.72,883.07
30.726,883.99
30.732,886.12
30.737,885.32
30.743,885.92
30.749,886.66
30.755,887.44
30.761,886.15
30.766,886.49
30.772,887.55
30.778,885.98
30.784,886.98
30.79,887.76
30.795,886.78
30.801,887.94
30.807,888.38
30.813,887.62
30.819,887.26
30.824,888.21
30.83,887.88
30.836,887.34
30.842,888.25
30.848,888.87
30.854,888.08
30.859,888.58
30.865,888.73
30.871,887.72
30.877,888.03
30.883,887.89
30.888,887.5
30.894,886.95
30.9,887.29
30.906,886.9
30.912,885.91
30.917,885.77
30.923,885.3
30.929,884.8
30.935,884.57
30.941,883.27
30.946,882.98
30.952,883.16
30.958,883.36
30.964,883.34
30.97,882.95
30.975,882.7
30.981,882.65
30.987,882.7
30.993,881.95
30.999,881.75
31.004,882.25
31.01,882.95
31.016,882.73
31.022,883.03
31.028,883.6
31.033,883.5
31.039,883.46
31.045,883.25
31.051,883.38
31.057,883.32
31.062,883.87
31.068,884.43
31.074,884.08
31.08,885.36
31.086,885.39
31.092,885.51
31.097,886.54
31.103,884.77
31.109,884.31
31.115,886.52
31.121,886.49
31.126,889.86
31.132,895.05
31.138,889.08
31.144,889.08
31.15,886.54
31.155,884.3
31.161,881.54
31.167,880.4
31.173,885.05
31.179,887.31
31.184,892.35
31.19,891.73
31.196,887.77
31.202,892.84
31.208,891.33
31.213,885.17
31.219,882.55
31.225,884.35
31.231,883.97
31.237,884.72
31.242,884.05
31.248,880.1
31.254,883.88
31.26,890.16
31.266,884.75
31.271,874.03
31.277,883.82
31.283,0
31.289,0
31.295,0
31.3,731.1
31.306,723.11
31.312,716.25
31.318,709.37
31.324,707.6
31.33,706.76
31.335,704.24
31.341,702.82
31.347,702.47
31.353,702.13
31.359,702.1
31.364,702.66
31.37,703.24
31.376,704.07
31.382,704.3
31.388,704.63
31.393,704.89
31.399,704.95
31.405,704.9
31.411,705.23
31.417,705.61
31.422,705.65
31.428,705.55
31.434,705.68
31.44,705.43
31.446,705.96
31.451,705.96
31.457,705.11
31.463,705.46
31.469,705.6
31.475,705.66
31.48,705.5
31.486,705.36
31.492,705.89
31.498,705.5
31.504,704.7
31.509,705.29
31.515,705.77
31.521,705.09
31.527,705.46
31.533,705.93
31.539,705.9
31.544,706.22
31.55,706.39
31.556,706
31.562,705.48
31.568,706.18
31.573,706.5
31.579,705.72
31.585,705.68
31.591,706.21
31.597,706.14
31.602,706.07
31.608,706.01
31.614,706.23
31.62,705.65
31.626,705.44
31.631,705.67
31.637,705.98
31.643,705.34
31.649,705.05
31.655,705.18
31.66,705.01
31.666,704.25
31.672,704.1
31.678,704.05
31.684,705.01
31.689,705.61
31.695,706.38
31.701,707.13
31.707,705.6
31.713,705.19
31.718,706.37
31.724,706.93
31.73,706.17
31.736,707.3
31.742,708.06
31.747,707.71
31.753,707.5
31.759,707.23
31.765,708.13
31.771,707.82
31.777,707.6
31.782,708.62
31.788,710.36
31.794,710.92
31.8,708.8
31.806,708.47
31.811,707.15
31.817,711.81
31.823,719.56
31.829,729.04
31.835,725.25
31.84,717.09
31.846,716.54
31.852,717.47
31.858,722.14
31.864,719.32
31.869,716.19
31.875,730.86
31.881,738.54
31.887,0
31.893,0
31.898,0
31.904,0
31.91,0
31.916,0
31.922,0
31.927,0
31.933,0
31.939,0
31.945,0
31.951,0
31.956,0
31.962,0
31.968,0
31.974,0
31.98,0
31.985,860.31
31.991,851.63
31.997,842.74
32.003,837.96
32.009,835.99
32.015,835.45
32.02,835.13
32.026,834.28
32.032,834.69
32.038,832.82
32.044,823.98
32.049,818.04
32.055,829.17
32.061,826.56
32.067,828.27
32.073,849.7
32.078,872.71
32.084,877.31
32.09,876.1
32.096,879.46
32.102,878.69
32.107,879.01
32.113,889.47
32.119,892.68
32.125,891.36
32.131,890.02
32.136,891.09
32.142,904.86
32.148,920.57
32.154,917.62
32.16,913.07
32.165,916.55
32.171,906.49
32.177,918.94
32.183,942.05
32.189,940.47
32.194,939.96
32.2,937.67
32.206,938.73
32.212,938.91
32.218,934.09
32.223,931.86
32.229,939.24
32.235,943.19
32.241,938.72
32.247,938.04
32.253,931.36
32.258,917.85
32.264,923.08
32.27,940.46
32.276,934.39
32.282,937.15
32.287,939.74
32.293,941.46
32.299,935.13
32.305,936.51
32.311,963.55
32.316,954.45
32.322,956.32
32.328,973.18
32.334,997.6
32.34,993.87
32.345,992.15
32.351,992.93
32.357,993.59
32.363,992.77
32.369,993.55
32.374,993.85
32.38,993.91
32.386,994.88
32.392,995.17
32.398,995.49
32.403,996.06
32.409,995.86
32.415,995.62
32.421,995.51
32.427,994.87
32.432,994.83
32.438,994.47
32.444,993.94
32.45,994
32.456,994.38
32.461,993.98
32.467,994.36
32.473,994.47
32.479,994.82
32.485,995.2
32.491,995.33
32.496,995.67
32.502,996.05
32.508,996.94
32.514,996.78
32.52,997.25
32.525,997.99
32.531,997.76
32.537,998.19
32.543,998.82
32.549,999.07
32.554,999.7
32.56,999.83
32.566,1001.8
32.572,1011.9
32.578,1042.5
32.583,1075.9
32.589,1120.8
32.595,1137.9
32.601,1142.9
32.607,1137.8
32.612,1111.9
32.618,0
32.624,1022.1
32.63,1048.5
32.636,1056.3
32.641,1040
32.647,1019.4
32.653,1022.7
32.659,1027.3
32.665,1050.1
32.67,1063.1
32.676,1059
32.682,1076.8
32.688,1074.3
32.694,1052.5
32.7,0
32.705,0
32.711,0
32.717,0
32.723,0
32.729,0
32.734,0
32.74,0
32.746,0
32.752,0
32.758,0
32.763,0
32.769,0
32.775,0
32.781,0
32.787,0
32.792,0
32.798,0
32.804,0
32.81,0
32.816,0
32.821,0
32.827,0
32.833,0
32.839,0
32.845,0
32.85,0
32.856,0
32.862,0
32.868,0
32.874,0
32.879,1150
32.885,1142.9
32.891,1147.5
32.897,1149.5
32.903,1148.6
32.908,1148.6
32.914,1148.9
32.92,1148.4
32.926,1147.1
32.932,1147.5
32.938,1146.4
32.943,1145.4
32.949,1145
32.955,1144.9
32.961,1144.3
32.967,1142.3
32.972,1140.6
32.978,1140
32.984,1139.7
32.99,1139
32.996,1137.7
33.001,1134.9
33.007,1126.5
33.013,1120.9
33.019,1120
33.025,1117.8
33.03,1110.8
33.036,1104.3
33.042,1104
33.048,1104.6
33.054,1095.1
33.059,1082.6
33.065,1077.2
33.071,1080.3
33.077,1086.1
33.083,1090.2
33.088,1091.7
33.094,1090.2
33.1,1081.9
33.106,1075.9
33.112,1073.1
33.117,1073.2
33.123,1075
33.129,1080.4
33.135,1086.7
33.141,1078.8
33.146,1073.3
33.152,1071.4
33.158,1070.3
33.164,1068.8
33.17,1066.9
33.176,1068.8
33.181,1066.7
33.187,1065.2
33.193,1063.1
33.199,1062.3
33.205,1065.9
33.21,1065.2
33.216,1066
33.222,1066
33.228,1066.7
33.234,1067.5
33.239,1065.7
33.245,1067
33.251,1063.5
33.257,1055.8
33.263,1054
33.268,1050.8
33.274,1036.8
33.28,1045.4
33.286,1048.6
33.292,1037.2
33.297,1031.3
33.303,1042.7
33.309,1060
33.315,1058.5
33.321,1052.4
33.326,1056.4
33.332,1056.8
33.338,1053.7
33.344,1045.3
33.35,1045.9
33.355,1053.3
33.361,1036.1
33.367,1038.2
33.373,1039.4
33.379,1054.7
33.384,1034.9
33.39,1040.4
33.396,1054.5
33.402,1028.8
33.408,1024.2
33.414,1029
33.419,1039.7
33.425,1037.6
33.431,1042.6
33.437,1040.7
33.443,1036
33.448,1047.3
33.454,1051.8
33.46,1048.6
33.466,1032.9
33.472,1025.8
33.477,1029.6
33.483,1036.5
33.489,1039.4
33.495,1040
33.501,1038.7
33.506,1046.2
33.512,1042.4
33.518,1016.7
33.524,1035.7
33.53,1041.3
33.535,1029.1
33.541,1016.1
33.547,1023.2
33.553,1037.7
33.559,1048.4
33.564,1058.4
33.57,1034.2
33.576,1041
33.582,1045.6
33.588,1034.7
33.593,0
33.599,0
33.605,0
33.611,0
33.617,0
33.622,0
33.628,0
33.634,0
33.64,0
33.646,0
33.652,0
33.657,0
33.663,0
33.669,0
33.675,0
33.681,0
33.686,0
33.692,0
33.698,0
33.704,0
33.71,0
33.715,0
33.721,0
33.727,0
33.733,0
33.739,0
33.744,0
33.75,0
33.756,0
33.762,0
33.768,0
33.773,0
33.779,0
33.785,0
33.791,0
33.797,0
33.802,0
33.808,0
33.814,0
33.82,0
33.826,0
33.831,0
33.837,0
33.843,0
33.849,0
33.855,0
33.86,0
33.866,0
33.872,0
33.878,0
33.884,0
33.89,0
33.895,0
33.901,0
33.907,0
33.913,0
33.919,0
33.924,0
33.93,0
33.936,0
33.942,0
33.948,0
33.953,0
33.959,0
33.965,0
33.971,0
33.977,0
33.982,0
33.988,0
33.994,0
34,0
34.006,0
34.011,0
34.017,0
34.023,0
34.029,0
34.035,0
34.04,0
34.046,0
34.052,0
34.058,0
34.064,0
34.069,0
34.075,0
34.081,0
34.087,0
34.093,0
34.099,0
34.104,0
34.11,0
34.116,0
34.122,0
34.128,0
34.133,0
34.139,0
34.145,0
34.151,0
34.157,0
34.162,0
34.168,0
34.174,0
34.18,0
34.186,0
34.191,0
34.197,0
34.203,0
34.209,0
34.215,0
34.22,0
34.226,0
34.232,0
34.238,0
34.244,0
34.249,0
34.255,0
34.261,0
34.267,0
34.273,0
34.278,0
34.284,0
34.29,0
34.296,0
34.302,0
34.307,0
34.313,0
34.319,0
34.325,0
34.331,0
34.337,0
34.342,0
34.348,0
34.354,0
34.36,0
34.366,0
34.371,0
34.377,0
34.383,0
34.389,0
34.395,0
34.4,0
34.406,0
34.412,0
34.418,0
34.424,0
34.429,0
34.435,0
34.441,0
34.447,0
34.453,0
34.458,0
34.464,0
34.47,0
34.476,0
34.482,0
34.487,0
34.493,0
34.499,0
34.505,0
34.511,0
34.516,0
34.522,0
34.528,0
34.534,0
34.54,0
34.545,0
34.551,0
34.557,0
34.563,0
34.569,0
34.575,0
34.58,0
34.586,0
34.592,0
34.598,0
34.604,0
34.609,0
34.615,0
34.621,0
34.627,0
34.633,0
34.638,0
34.644,0
34.65,0
34.656,0
34.662,0
34.667,0
34.673,0
34.679,0
34.685,0
34.691,0
34.696,0
34.702,0
34.708,0
34.714,0
34.72,0
34.725,0
34.731,0
34.737,0
34.743,0
34.749,0
34.754,0
34.76,0
34.766,0
34.772,0
34.778,0
34.783,0
34.789,0
34.795,0
34.801,0
34.807,0
34.813,0
34.818,0
34.824,0
34.83,0
34.836,0
34.842,0
34.847,0
34.853,0
34.859,0
34.865,0
34.871,0
34.876,0
34.882,0
34.888,0
34.894,0
34.9,0
34.905,0
34.911,0
34.917,0
34.923,0
34.929,0
34.934,0
34.94,0
34.946,0
34.952,0
34.958,0
34.963,0
34.969,0
34.975,0
34.981,0
34.987,0
34.992,0
34.998,0
35.004,0
35.01,0
35.016,0
35.021,0
35.027,0
35.033,0
35.039,0
35.045,0
35.051,0
35.056,0
35.062,0
35.068,0
35.074,0
35.08,0
35.085,0
35.091,0
35.097,0
35.103,0
35.109,0
35.114,0
35.12,0
35.126,0
35.132,0
35.138,0
35.143,0
35.149,0
35.155,0
35.161,0
35.167,0
35.172,0
35.178,0
35.184,0
35.19,0
35.196,0
35.201,0
35.207,0
35.213,0
35.219,0
35.225,0
35.23,0
35.236,0
35.242,0
35.248,0
35.254,0
35.26,0
35.265,0
35.271,0
35.277,0
35.283,0
35.289,0
35.294,0
35.3,0
35.306,0
35.312,0
35.318,0
35.323,0
35.329,0
35.335,0
35.341,0
35.347,0
35.352,0
35.358,0
35.364,0
35.37,0
35.376,0
35.381,0
35.387,0
35.393,0
35.399,0
35.405,0
35.41,0
35.416,0
35.422,0
35.428,0
35.434,0
35.439,0
35.445,0
35.451,0
35.457,0
35.463,0
35.468,0
35.474,0
35.48,0
35.486,0
35.492,0
35.498,0
35.503,0
35.509,0
35.515,0
35.521,0
35.527,0
35.532,0
35.538,0
35.544,0
35.55,0
35.556,0
35.561,0
35.567,0
35.573,0
35.579,0
35.585,0
35.59,0
35.596,0
35.602,0
35.608,0
35.614,0
35.619,0
35.625,0
35.631,0
35.637,0
35.643,0
35.648,0
35.654,0
35.66,0
35.666,0
35.672,0
35.677,0
35.683,0
35.689,0
35.695,0
35.701,0
35.706,0
35.712,0
35.718,0
35.724,0
35.73,0
35.736,0
35.741,0
35.747,0
35.753,0
35.759,0
35.765,0
35.77,0
35.776,0
35.782,0
35.788,0
35.794,0
35.799,0
35.805,0
35.811,0
35.817,0
35.823,0
35.828,0
35.834,0
35.84,0
35.846,0
35.852,0
35.857,0
35.863,0
35.869,0
35.875,0
35.881,0
35.886,0
35.892,0
35.898,0
35.904,0
35.91,0
35.915,0
35.921,0
35.927,0
35.933,0
35.939,0
35.944,0
35.95,0
35.956,0
35.962,0
35.968,0
35.974,0
35.979,0
35.985,0
35.991,0
35.997,0
36.003,0
36.008,0
36.014,0
36.02,0
36.026,0
36.032,0
36.037,0
36.043,0
36.049,0
36.055,0
36.061,0
36.066,0
36.072,0
36.078,0
36.084,0
36.09,0
36.095,0
36.101,0
36.107,0
36.113,0
36.119,0
36.124,0
36.13,0
36.136,0
36.142,0
36.148,0
36.153,0
36.159,0
36.165,0
36.171,0
36.177,0
36.182,0
36.188,0
36.194,0
36.2,0
36.206,0
36.212,0
36.217,0
36.223,0
36.229,0
36.235,0
36.241,0
36.246,0
36.252,0
36.258,0
36.264,0
36.27,0
36.275,0
36.281,0
36.287,0
36.293,0
36.299,0
36.304,0
36.31,0
36.316,0
36.322,0
36.328,0
36.333,0
36.339,0
36.345,0
36.351,0
36.357,0
36.362,0
36.368,0
36.374,0
36.38,0
36.386,0
36.391,0
36.397,0
36.403,0
36.409,0
36.415,0
36.42,0
36.426,0
36.432,0
36.438,0
36.444,0
36.45,0
36.455,0
36.461,0
36.467,0
36.473,0
36.479,0
36.484,0
36.49,0
36.496,0
36.502,0
36.508,0
36.513,0
36.519,0
36.525,0
36.531,0
36.537,0
36.542,0
36.548,0
36.554,0
36.56,0
36.566,0
36.571,0
36.577,0
36.583,0
36.589,0
36.595,0
36.6,0
36.606,0
36.612,0
36.618,0
36.624,0
36.629,0
36.635,0
36.641,0
36.647,0
36.653,0
36.659,0
36.664,0
36.67,0
36.676,0
36.682,0
36.688,0
36.693,0
36.699,0
36.705,0
36.711,0
36.717,0
36.722,0
36.728,0
36.734,0
36.74,0
36.746,0
36.751,0
36.757,0
36.763,0
36.769,0
36.775,0
36.78,0
36.786,0
36.792,0
36.798,0
36.804,0
36.809,0
36.815,0
36.821,0
36.827,0
36.833,0
36.838,0
36.844,0
36.85,0
36.856,0
36.862,0
36.867,0
36.873,0
36.879,0
36.885,0
36.891,0
36.897,0
36.902,0
36.908,0
36.914,0
36.92,0
36.926,0
36.931,0
36.937,0
36.943,0
36.949,0
36.955,0
36.96,0
36.966,0
36.972,0
36.978,0
36.984,0
36.989,0
36.995,0
37.001,0
37.007,0
37.013,0
37.018,0
37.024,0
37.03,0
37.036,0
37.042,0
37.047,0
37.053,0
37.059,0
37.065,0
37.071,0
37.076,0
37.082,0
37.088,0
37.094,0
37.1,0
37.105,0
37.111,0
37.117,0
37.123,0
37.129,0
37.135,0
37.14,0
37.146,0
37.152,0
37.158,0
37.164,0
37.169,0
37.175,0
37.181,0
37.187,0
37.193,0
37.198,0
37.204,0
37.21,0
37.216,0
37.222,0
37.227,0
37.233,0
37.239,0
37.245,0
37.251,0
37.256,0
37.262,0
37.268,0
37.274,0
37.28,0
37.285,0
37.291,0
37.297,0
37.303,0
37.309,0
37.314,0
37.32,0
37.326,0
37.332,0
37.338,0
37.343,0
37.349,0
37.355,0
37.361,0
37.367,0
37.373,0
37.378,0
37.384,0
37.39,0
37.396,0
37.402,0
37.407,0
37.413,0
37.419,0
37.425,0
37.431,0
37.436,0
37.442,0
37.448,0
37.454,0
37.46,0
37.465,0
37.471,0
37.477,0
37.483,0
37.489,0
37.494,0
37.5,0
37.506,0
37.512,0
37.518,0
37.523,0
37.529,0
37.535,0
37.541,0
37.547,0
37.552,0
37.558,0
37.564,0
37.57,0
37.576,0
37.581,0
37.587,0
37.593,0
37.599,0
37.605,0
37.611,0
37.616,0
37.622,0
37.628,0
37.634,0
37.64,0
37.645,0
37.651,0
37.657,0
37.663,0
37.669,0
37.674,0
37.68,0
37.686,0
37.692,0
37.698,0
37.703,0
37.709,0
37.715,0
37.721,0
37.727,0
37.732,0
37.738,0
37.744,0
37.75,0
37.756,0
37.761,0
37.767,0
37.773,0
37.779,0
37.785,0
37.79,0
37.796,0
37.802,0
37.808,0
37.814,0
37.82,0
37.825,0
37.831,0
37.837,0
37.843,0
37.849,0
37.854,0
37.86,0
37.866,0
37.872,0
37.878,0
37.883,0
37.889,0
37.895,0
37.901,0
37.907,0
37.912,0
37.918,0
37.924,0
37.93,0
37.936,0
37.941,0
37.947,0
37.953,0
37.959,0
37.965,0
37.97,0
37.976,0
37.982,0
37.988,0
37.994,0
37.999,0
38.005,0
38.011,0
38.017,0
38.023,0
38.028,0
38.034,0
38.04,0
38.046,0
38.052,0
38.058,0
38.063,0
38.069,0
38.075,0
38.081,0
38.087,0
38.092,0
38.098,0
38.104,0
38.11,0
38.116,0
38.121,0
38.127,0
38.133,0
38.139,0
38.145,0
38.15,0
38.156,0
38.162,0
38.168,0
38.174,0
38.179,0
38.185,0
38.191,0
38.197,0
38.203,0
38.208,0
38.214,0
38.22,0
38.226,0
38.232,0
38.237,0
38.243,0
38.249,0
38.255,0
38.261,0
38.266,0
38.272,0
38.278,0
38.284,0
38.29,0
38.296,0
38.301,0
38.307,0
38.313,0
38.319,0
38.325,0
38.33,0
38.336,0
38.342,0
38.348,0
38.354,0
38.359,0
38.365,0
38.371,0
38.377,0
38.383,0
38.388,0
38.394,0
38.4,0
38.406,0
38.412,0
38.417,0
38.423,0
38.429,0
38.435,0
38.441,0
38.446,0
38.452,0
38.458,0
38.464,0
38.47,0
38.475,0
38.481,0
38.487,0
38.493,0
38.499,0
38.504,0
38.51,0
38.516,0
38.522,0
38.528,0
38.534,0
38.539,0
38.545,0
38.551,0
38.557,0
38.563,0
38.568,0
38.574,0
38.58,0
38.586,0
38.592,0
38.597,0
38.603,0
38.609,0
38.615,0
38.621,0
38.626,0
38.632,0
38.638,0
38.644,0
38.65,0
38.655,0
38.661,0
38.667,0
38.673,0
38.679,0
38.684,0
38.69,0
38.696,0
38.702,0
38.708,0
38.713,0
38.719,0
38.725,0
38.731,0
38.737,0
38.742,0
38.748,0
38.754,0
38.76,0
38.766,0
38.772,0
38.777,0
38.783,0
38.789,0
38.795,0
38.801,0
38.806,0
38.812,0
38.818,0
38.824,0
38.83,0
38.835,0
38.841,0
38.847,0
38.853,0
38.859,0
38.864,0
38.87,0
38.876,0
38.882,0
38.888,0
38.893,0
38.899,0
38.905,0
38.911,0
38.917,0
38.922,0
38.928,0
38.934,0
38.94,0
38.946,0
38.951,0
38.957,0
38.963,0
38.969,0
38.975,0
38.98,0
38.986,0
38.992,0
38.998,0
39.004,0
39.01,0
39.015,0
39.021,0
39.027,0
39.033,0
39.039,0
39.044,0
39.05,0
39.056,0
39.062,0
39.068,0
39.073,0
39.079,0
39.085,0
39.091,0
39.097,0
39.102,0
39.108,0
39.114,0
39.12,0
39.126,0
39.131,0
39.137,0
39.143,0
39.149,0
39.155,0
39.16,0
39.166,0
39.172,0
39.178,0
39.184,0
39.189,0
39.195,0
39.201,0
39.207,0
39.213,0
39.219,0
39.224,0
39.23,0
39.236,0
39.242,0
39.248,0
39.253,0
39.259,0
39.265,0
39.271,0
39.277,0
39.282,0
39.288,0
39.294,0
39.3,0
39.306,0
39.311,0
39.317,0
39.323,0
39.329,0
39.335,0
39.34,0
39.346,0
39.352,0
39.358,0
39.364,0
39.369,0
39.375,0
39.381,0
39.387,0
39.393,0
39.398,0
39.404,0
39.41,0
39.416,0
39.422,0
39.427,0
39.433,0
39.439,0
39.445,0
39.451,0
39.457,0
39.462,0
39.468,0
39.474,0
39.48,0
39.486,0
39.491,0
39.497,0
39.503,0
39.509,0
39.515,0
39.52,0
39.526,0
39.532,0
39.538,0
39.544,0
39.549,0
39.555,0
39.561,0
39.567,0
39.573,0
39.578,0
39.584,0
39.59,0
39.596,0
39.602,0
39.607,0
39.613,0
39.619,0
39.625,0
39.631,0
39.636,0
39.642,0
39.648,0
39.654,0
39.66,0
39.665,0
39.671,0
39.677,0
39.683,0
39.689,0
39.695,0
39.7,0
39.706,0
39.712,0
39.718,0
39.724,0
39.729,0
39.735,0
39.741,0
39.747,0
39.753,0
39.758,0
39.764,0
39.77,0
39.776,0
39.782,0
39.787,0
39.793,0
39.799,0
39.805,0
39.811,0
39.816,0
39.822,0
39.828,0
39.834,0
39.84,0
39.845,0
39.851,0
39.857,0
39.863,0
39.869,0
39.874,0
39.88,0
39.886,0
39.892,0
39.898,0
39.903,0
39.909,0
39.915,0
39.921,0
39.927,0
39.933,0
39.938,0
39.944,0
39.95,0
39.956,0
39.962,0
39.967,0
39.973,0
39.979,0
39.985,0
39.991,0
39.996,0
40.002,0
40.008,0
40.014,0
40.02,0
40.025,0
40.031,0
40.037,0
40.043,0
40.049,0
40.054,0
40.06,0
40.066,0
40.072,0
40.078,0
40.083,0
40.089,0
40.095,0
40.101,0
40.107,0
40.112,0
40.118,0
40.124,0
40.13,0
40.136,0
40.141,0
40.147,0
40.153,0
40.159,0
40.165,0
40.171,0
40.176,0
40.182,0
40.188,0
40.194,0
40.2,0
40.205,0
40.211,0
40.217,0
40.223,0
40.229,0
40.234,0
40.24,0
40.246,0
40.252,0
40.258,0
40.263,0
40.269,0
40.275,0
40.281,0
40.287,0
40.292,0
40.298,0
40.304,0
40.31,0
40.316,0
40.321,0
40.327,0
40.333,0
40.339,0
40.345,0
40.35,0
40.356,0
40.362,0
40.368,0
40.374,0
40.38,0
40.385,0
40.391,0
40.397,0
40.403,0
40.409,0
40.414,0
40.42,0
40.426,0
40.432,0
40.438,0
40.443,0
40.449,0
40.455,0
40.461,0
40.467,0
40.472,0
40.478,0
40.484,0
40.49,0
40.496,0
40.501,0
40.507,0
40.513,0
40.519,0
40.525,0
40.53,0
40.536,0
40.542,0
40.548,0
40.554,0
40.559,0
40.565,0
40.571,0
40.577,0
40.583,0
40.588,0
40.594,0
40.6,0
40.606,0
40.612,0
40.618,0
40.623,0
40.629,0
40.635,0
40.641,0
40.647,0
40.652,0
40.658,0
40.664,0
40.67,0
40.676,0
40.681,0
40.687,0
40.693,0
40.699,0
40.705,0
40.71,0
40.716,0
40.722,0
40.728,0
40.734,0
40.739,0
40.745,0
40.751,0
40.757,0
40.763,0
40.768,0
40.774,0
40.78,0
40.786,0
40.792,0
40.797,0
40.803,0
40.809,0
40.815,0
40.821,0
40.826,0
40.832,0
40.838,0
40.844,0
40.85,0
40.856,0
40.861,0
40.867,0
40.873,0
40.879,0
40.885,0
40.89,0
40.896,0
40.902,0
40.908,0
40.914,0
40.919,0
40.925,0
40.931,0
40.937,0
40.943,0
40.948,0
40.954,0
40.96,0
40.966,0
40.972,0
40.977,0
40.983,0
40.989,0
40.995,0
41.001,0
41.006,0
41.012,0
41.018,0
41.024,0
41.03,0
41.035,0
41.041,0
41.047,0
41.053,0
41.059,0
41.064,0
41.07,0
41.076,0
41.082,0
41.088,0
41.094,0
41.099,0
41.105,0
41.111,0
41.117,0
41.123,0
41.128,0
41.134,0
41.14,0
41.146,0
41.152,0
41.157,0
41.163,0
41.169,0
41.175,0
41.181,0
41.186,0
41.192,0
41.198,0
41.204,0
41.21,0
41.215,0
41.221,0
41.227,0
41.233,0
41.239,0
41.244,0
41.25,0
41.256,0
41.262,0
41.268,0
41.273,0
41.279,0
41.285,0
41.291,0
41.297,0
41.302,0
41.308,0
41.314,0
41.32,0
41.326,0
41.332,0
41.337,0
41.343,0
41.349,0
41.355,0
41.361,0
41.366,0
41.372,0
41.378,0
41.384,0
41.39,0
41.395,0
41.401,0
41.407,0
41.413,0
41.419,0
41.424,0
41.43,0
41.436,0
41.442,0
41.448,0
41.453,0
41.459,0
41.465,0
41.471,0
41.477,0
41.482,0
41.488,0
41.494,0
41.5,0
41.506,0
41.511,0
41.517,0
41.523,0
41.529,0
41.535,0
41.54,0
41.546,0
41.552,0
41.558,0
41.564,0
41.57,0
41.575,0
41.581,0
41.587,0
41.593,0
41.599,0
41.604,0
41.61,0
41.616,0
41.622,0
41.628,0
41.633,0
41.639,0
41.645,0
41.651,0
41.657,0
41.662,0
41.668,0
41.674,0
41.68,0
41.686,0
41.691,0
41.697,0
41.703,0
41.709,0
41.715,0
41.72,0
41.726,0
41.732,0
41.738,0
41.744,0
41.749,0
41.755,0
41.761,0
41.767,0
41.773,0
41.779,0
41.784,0
41.79,0
41.796,0
41.802,0
41.808,0
41.813,0
41.819,0
41.825,0
41.831,0
41.837,0
41.842,0
41.848,0
41.854,0
41.86,0
41.866,0
41.871,0
41.877,0
41.883,0
41.889,0
41.895,0
41.9,0
41.906,0
41.912,0
41.918,0
41.924,0
41.929,0
41.935,0
41.941,0
41.947,0
41.953,0
41.958,0
41.964,0
41.97,0
41.976,0
41.982,0
41.987,0
41.993,0
41.999,0
42.005,0
42.011,0
42.017,0
42.022,0
42.028,0
42.034,0
42.04,0
42.046,0
42.051,0
42.057,0
42.063,0
42.069,0
42.075,0
42.08,0
42.086,0
42.092,0
42.098,0
42.104,0
42.109,0
42.115,0
42.121,0
42.127,0
42.133,0
42.138,0
42.144,0
42.15,0
42.156,0
42.162,0
42.167,0
42.173,0
42.179,0
42.185,0
42.191,0
42.196,0
42.202,0
42.208,0
42.214,0
42.22,0
42.225,0
42.231,0
42.237,0
42.243,0
42.249,0
42.255,0
42.26,0
42.266,0
42.272,0
42.278,0
42.284,0
42.289,0
42.295,0
42.301,0
42.307,0
42.313,0
42.318,0
42.324,0
42.33,0
42.336,0
42.342,0
42.347,0
42.353,0
42.359,0
42.365,0
42.371,0
42.376,0
42.382,0
42.388,0
42.394,0
42.4,0
42.405,0
42.411,0
42.417,0
42.423,0
42.429,0
42.434,0
42.44,0
42.446,0
42.452,0
42.458,0
42.463,0
42.469,0
42.475,0
42.481,0
42.487,0
42.493,0
42.498,0
42.504,0
42.51,0
42.516,0
42.522,0
42.527,0
42.533,0
42.539,0
42.545,0
42.551,0
42.556,0
42.562,0
42.568,0
42.574,0
42.58,0
42.585,0
42.591,0
42.597,0
42.603,0
42.609,0
42.614,0
42.62,0
42.626,0
42.632,0
42.638,0
42.643,0
42.649,0
42.655,0
42.661,0
42.667,0
42.672,0
42.678,0
42.684,0
42.69,0
42.696,0
42.701,0
42.707,0
42.713,0
42.719,0
42.725,0
42.731,0
42.736,0
42.742,0
42.748,0
42.754,0
42.76,0
42.765,0
42.771,0
42.777,0
42.783,0
42.789,0
42.794,0
42.8,0
42.806,0
42.812,0
42.818,0
42.823,0
42.829,0
42.835,0
42.841,0
42.847,0
42.852,0
42.858,0
42.864,0
42.87,0
42.876,0
42.881,0
42.887,0
42.893,0
42.899,0
42.905,0
42.91,0
42.916,0
42.922,0
42.928,0
42.934,0
42.94,0
42.945,0
42.951,0
42.957,0
42.963,0
42.969,0
42.974,0
42.98,0
42.986,0
42.992,0
42.998,0
43.003,0
43.009,0
43.015,0
43.021,0
43.027,0
43.032,0
43.038,0
43.044,0
43.05,0
43.056,0
43.061,0
43.067,0
43.073,0
43.079,0
43.085,0
43.09,0
43.096,0
43.102,0
43.108,0
43.114,0
43.119,0
43.125,0
43.131,0
43.137,0
43.143,0
43.148,0
43.154,0
43.16,0
43.166,0
43.172,0
43.178,0
43.183,0
43.189,0
43.195,0
43.201,0
43.207,0
43.212,0
43.218,0
43.224,0
43.23,0
43.236,0
43.241,0
43.247,0
43.253,0
43.259,0
43.265,0
43.27,0
43.276,0
43.282,0
43.288,0
43.294,0
43.299,0
43.305,0
43.311,0
43.317,0
43.323,0
43.328,0
43.334,0
43.34,0
43.346,0
43.352,0
43.357,0
43.363,0
43.369,0
43.375,0
43.381,0
43.386,0
43.392,0
43.398,0
43.404,0
43.41,0
43.416,0
43.421,259.74
43.427,255.98
43.433,252.21
43.439,245.93
43.445,244.69
43.45,242.37
43.456,240.31
43.462,241.99
43.468,240.67
43.474,235.04
43.479,227.1
43.485,224.81
43.491,229.01
43.497,236.87
43.503,240.29
43.508,230.08
43.514,0
43.52,0
43.526,246.92
43.532,245.71
43.537,239.36
43.543,238.07
43.549,243.18
43.555,241.02
43.561,247.85
43.566,0
43.572,263.54
43.578,251.69
43.584,247.63
43.59,246.65
43.595,246.99
43.601,246.76
43.607,246.8
43.613,247.41
43.619,248.62
43.624,249.78
43.63,251.07
43.636,253.39
43.642,254.76
43.648,256.25
43.654,259.13
43.659,261.03
43.665,258.48
43.671,254.84
43.677,254.27
43.683,257.23
43.688,261.02
43.694,265.2
43.7,0
43.706,0
43.712,308.91
43.717,311.69
43.723,313.88
43.729,316.21
43.735,321.61
43.741,321.14
43.746,319.68
43.752,321.16
43.758,314.26
43.764,308.24
43.77,312.91
43.775,318.2
43.781,0
43.787,0
43.793,0
43.799,0
43.804,0
43.81,0
43.816,0
43.822,0
43.828,0
43.833,0
43.839,0
43.845,0
43.851,0
43.857,0
43.862,0
43.868,0
43.874,0
43.88,0
43.886,0
43.892,0
43.897,0
43.903,245.21
43.909,237.86
43.915,234.37
43.921,233.15
43.926,232.86
43.932,232.74
43.938,230.44
43.944,229.53
43.95,228.41
43.955,227.59
43.961,227.39
43.967,227.09
43.973,227
43.979,227
43.984,227.08
43.99,227.54
43.996,227.87
44.002,227.63
44.008,227.34
44.013,227.44
44.019,227.8
44.025,228.29
44.031,228.47
44.037,228.51
44.042,227.41
44.048,227.98
44.054,229.35
44.06,229.75
44.066,229.5
44.071,228.85
44.077,227.53
44.083,226.4
44.089,223.41
44.095,218.34
44.1,213.97
44.106,213.87
44.112,215.36
44.118,208.92
44.124,217.46
44.13,226.34
44.135,226.13
44.141,225.55
44.147,0
44.153,0
44.159,0
44.164,0
44.17,0
44.176,227.64
44.182,224.49
44.188,221.12
44.193,219.84
44.199,219.99
44.205,220.69
44.211,222.28
44.217,223.49
44.222,224.62
44.228,226.42
44.234,228.41
44.24,230.62
44.246,236.54
44.251,236.37
44.257,233.79
44.263,223.63
44.269,0
44.275,0
44.28,0
44.286,0
44.292,0
44.298,0
44.304,0
44.309,0
44.315,0
44.321,0
44.327,0
44.333,0
44.339,0
44.344,0
44.35,0
44.356,0
44.362,0
44.368,0
44.373,0
44.379,247.21
44.385,239.26
44.391,237.81
44.397,237.04
44.402,234.93
44.408,233.89
44.414,233.6
44.42,233.22
44.426,233.75
44.431,234.89
44.437,236.51
44.443,237.56
44.449,239.27
44.455,240.79
44.46,241.95
44.466,243.79
44.472,244.63
44.478,240.11
44.484,236.55
44.489,236.83
44.495,236.76
44.501,235.66
44.507,234.31
44.513,235.87
44.518,236.8
44.524,237.8
44.53,240.4
44.536,241.34
44.542,240.76
44.547,240.83
44.553,239.62
44.559,240.55
44.565,238.88
44.571,238.81
44.577,238.91
44.582,238.5
44.588,237.15
44.594,237.88
44.6,237.68
44.606,238.87
44.611,0
44.617,0
44.623,0
44.629,0
44.635,247.88
44.64,246.26
44.646,246.29
44.652,245.7
44.658,244.32
44.664,242.19
44.669,240.4
44.675,238.54
44.681,237.29
44.687,235.95
44.693,234.82
44.698,234.05
44.704,233.82
44.71,233.78
44.716,233.96
44.722,233.96
44.727,234.22
44.733,234.42
44.739,234.62
44.745,234.73
44.751,234.5
44.756,234.8
44.762,235.06
44.768,235.05
44.774,234.23
44.78,233.28
44.785,232.13
44.791,231.85
44.797,232.77
44.803,232.95
44.809,232.08
44.815,230.84
44.82,228.15
44.826,227.14
44.832,229.9
44.838,217.36
44.844,211.54
44.849,209.29
44.855,206.24
44.861,201.1
44.867,196.75
44.873,192.75
44.878,189.04
44.884,184.39
44.89,180.61
44.896,176.21
44.902,174.12
44.907,173.02
44.913,170.09
44.919,168.17
44.925,167.49
44.931,167.18
44.936,0
44.942,0
44.948,0
44.954,0
44.96,0
44.965,0
44.971,0
44.977,0
44.983,0
44.989,0
44.994,0
45,0
45.006,0
45.012,0
45.018,0
45.023,0
45.029,0
45.035,0
45.041,0
45.047,0
45.053,0
45.058,0
45.064,0
45.07,0
45.076,0
45.082,0
45.087,0
45.093,0
45.099,0
45.105,0
45.111,0
45.116,0
45.122,0
45.128,0
45.134,0
45.14,0
45.145,0
45.151,0
45.157,0
45.163,0
45.169,0
45.174,0
45.18,0
45.186,0
45.192,0
45.198,0
45.203,0
45.209,0
45.215,0
45.221,0
45.227,0
45.232,217.88
45.238,207.21
45.244,202.24
45.25,201.81
45.256,204.38
45.261,207.4
45.267,210.5
45.273,212.47
45.279,213.43
45.285,213.89
45.291,215.13
45.296,215.58
45.302,217.61
45.308,218.79
45.314,215.68
45.32,215.62
45.325,217.72
45.331,218.56
45.337,220.2
45.343,221.32
45.349,221.41
45.354,220.9
45.36,221.61
45.366,223.02
45.372,223.7
45.378,226.75
45.383,232.04
45.389,229.04
45.395,223.18
45.401,222.73
45.407,222.49
45.412,221.34
45.418,217.72
45.424,217.31
45.43,219
45.436,219.91
45.441,216.8
45.447,216.32
45.453,219.48
45.459,225.63
45.465,234.23
45.47,237.51
45.476,236.5
45.482,231.44
45.488,229.63
45.494,229.95
45.5,230.25
45.505,230.24
45.511,231.16
45.517,233.33
45.523,235.28
45.529,236.34
45.534,237.3
45.54,237.48
45.546,236.89
45.552,236.59
45.558,236.16
45.563,236.63
45.569,237.58
45.575,238.89
45.581,240.13
45.587,240.09
45.592,239.17
45.598,238.81
45.604,237.86
45.61,235.94
45.616,236.18
45.621,237.65
45.627,239.89
45.633,237.06
45.639,236.03
45.645,235.79
45.65,233.9
45.656,233.84
45.662,234.94
45.668,235.86
45.674,236.03
45.679,237.37
45.685,238.72
45.691,237.91
45.697,236.2
45.703,235.58
45.708,0
45.714,0
45.72,0
45.726,0
45.732,0
45.738,0
45.743,0
45.749,0
45.755,0
45.761,0
45.767,0
45.772,0
45.778,0
45.784,0
45.79,219.86
45.796,214.41
45.801,213.81
45.807,213.6
45.813,211.83
45.819,209.03
45.825,205.39
45.83,199.37
45.836,0
45.842,0
45.848,0
45.854,0
45.859,0
45.865,0
45.871,0
45.877,0
45.883,0
45.888,0
45.894,0
45.9,0
45.906,0
45.912,0
45.917,0
45.923,0
45.929,0
45.935,0
45.941,0
45.946,0
45.952,0
45.958,0
45.964,0
45.97,0
45.976,0
45.981,0
45.987,0
45.993,0
45.999,0
46.005,0
46.01,193.88
46.016,194.65
46.022,189.2
46.028,189
46.034,189.84
46.039,189.62
46.045,188.19
46.051,186.86
46.057,186.67
46.063,186.87
46.068,186.05
46.074,186.54
46.08,189.83
46.086,193.91
46.092,199.35
46.097,205.63
46.103,208.99
46.109,206.14
46.115,203.58
46.121,203.1
46.126,202.05
46.132,199.85
46.138,198.58
46.144,197.72
46.15,196.71
46.155,196.16
46.161,196.96
46.167,197.89
46.173,197.67
46.179,197.76
46.184,197.42
46.19,197.35
46.196,197.84
46.202,198.63
46.208,200.01
46.214,201.93
46.219,204.91
46.225,205.94
46.231,206.44
46.237,210.29
46.243,211.63
46.248,209.1
46.254,204.7
46.26,200.31
46.266,199.99
46.272,202.47
46.277,202.65
46.283,202.34
46.289,200.18
46.295,196.93
46.301,197.45
46.306,198.7
46.312,199.37
46.318,200.09
46.324,201.42
46.33,0
46.335,0
46.341,0
46.347,0
46.353,0
46.359,0
46.364,0
46.37,0
46.376,0
46.382,0
46.388,0
46.393,0
46.399,0
46.405,0
46.411,0
46.417,0
46.422,0
46.428,0
46.434,204.9
46.44,195.57
46.446,189.71
46.452,186.75
46.457,187.37
46.463,187.99
46.469,188.51
46.475,188.56
46.481,187.27
46.486,186.69
46.492,188.25
46.498,188.43
46.504,186.81
46.51,186.35
46.515,184.7
46.521,185.4
46.527,186.55
46.533,184.54
46.539,184.1
46.544,184.56
46.55,185.01
46.556,184.44
46.562,185.89
46.568,190.16
46.573,192.17
46.579,189.51
46.585,186.25
46.591,184.18
46.597,183.74
46.602,183.48
46.608,183.07
46.614,182.98
46.62,184.79
46.626,187.35
46.631,190.29
46.637,0
46.643,0
46.649,0
46.655,0
46.66,0
46.666,0
46.672,0
46.678,0
46.684,0
46.69,0
46.695,0
46.701,0
46.707,0
46.713,0
46.719,0
46.724,196.88
46.73,193.37
46.736,189.8
46.742,187.65
46.748,186.96
46.753,187.47
46.759,188.35
46.765,186.69
46.771,189.15
46.777,191
46.782,186.82
46.788,187.91
46.794,189.28
46.8,188.11
46.806,187.03
46.811,184.98
46.817,183.3
46.823,183.13
46.829,183.49
46.835,183.52
46.84,183.15
46.846,186.71
46.852,193.13
46.858,197.93
46.864,0
46.869,0
46.875,0
46.881,0
46.887,0
46.893,0
46.899,0
46.904,0
46.91,0
46.916,0
46.922,0
46.928,0
46.933,0
46.939,0
46.945,0
46.951,0
46.957,0
46.962,0
46.968,0
46.974,0
46.98,201.17
46.986,202.74
46.991,200.88
46.997,199.28
47.003,195.24
47.009,192.94
47.015,195.6
47.02,199.49
47.026,200.65
47.032,202.25
47.038,202.76
47.044,201.01
47.049,199.62
47.055,199.86
47.061,199.55
47.067,196.5
47.073,192.73
47.078,0
47.084,0
47.09,0
47.096,0
47.102,0
47.107,0
47.113,0
47.119,0
47.125,0
47.131,0
47.137,0
47.142,0
47.148,0
47.154,0
47.16,0
47.166,0
47.171,0
47.177,0
47.183,0
47.189,221.94
47.195,220.37
47.2,209.67
47.206,204.77
47.212,201.92
47.218,201.03
47.224,201.18
47.229,0
47.235,0
47.241,0
47.247,0
47.253,0
47.258,0
47.264,0
47.27,0
47.276,0
47.282,0
47.287,0
47.293,0
47.299,0
47.305,0
47.311,0
47.316,0
47.322,0
47.328,0
47.334,0
47.34,0
47.345,208.72
47.351,207.85
47.357,201.43
47.363,197.84
47.369,195.01
47.375,192.9
47.38,191.53
47.386,189.86
47.392,191.03
47.398,192.02
47.404,194.13
47.409,0
47.415,196.67
47.421,199.97
47.427,199.59
47.433,197.53
47.438,199.68
47.444,202.72
47.45,194.13
47.456,190.87
47.462,189.56
47.467,191.17
47.473,194.24
47.479,191.89
47.485,189.15
47.491,190.91
47.496,0
47.502,0
47.508,0
47.514,0
47.52,0
47.525,0
47.531,0
47.537,0
47.543,0
47.549,0
47.554,169.11
47.56,169.28
47.566,171.07
47.572,172.77
47.578,170.68
47.583,169.74
47.589,169.74
47.595,169.52
47.601,169.87
47.607,169.59
47.613,0
47.618,0
47.624,0
47.63,0
47.636,0
47.642,0
47.647,0
47.653,0
47.659,0
47.665,0
47.671,0
47.676,0
47.682,0
47.688,0
47.694,0
47.7,161
47.705,163.81
47.711,167.23
47.717,166.03
47.723,165.83
47.729,168.02
47.734,172.94
47.74,183.84
47.746,182.67
47.752,174.57
47.758,173.61
47.763,170.51
47.769,166.36
47.775,0
47.781,0
47.787,0
47.792,0
47.798,0
47.804,0
47.81,0
47.816,0
47.821,0
47.827,0
47.833,0
47.839,0
47.845,0
47.851,0
47.856,0
47.862,0
47.868,0
47.874,0
47.88,0
47.885,0
47.891,0
47.897,0
47.903,0
47.909,0
47.914,0
47.92,0
47.926,0
47.932,0
47.938,0
47.943,0
47.949,0
47.955,0
47.961,0
47.967,0
47.972,0
47.978,0
47.984,0
47.99,0
47.996,0
48.001,0
48.007,0
48.013,0
48.019,0
48.025,0
48.03,0
48.036,0
48.042,0
48.048,0
48.054,0
48.06,0
48.065,0
48.071,0
48.077,0
48.083,0
48.089,0
48.094,0
48.1,0
48.106,0
48.112,0
48.118,0
48.123,0
48.129,0
48.135,0
48.141,0
48.147,0
48.152,0
48.158,0
48.164,0
48.17,0
48.176,0
48.181,0
48.187,0
48.193,0
48.199,0
48.205,0
48.21,0
48.216,0
48.222,0
48.228,0
48.234,0
48.239,0
48.245,0
48.251,0
48.257,0
48.263,0
48.268,0
48.274,0
48.28,0
48.286,0
48.292,0
48.298,0
48.303,0
48.309,0
48.315,0
48.321,0
48.327,0
48.332,0
48.338,0
48.344,0
48.35,0
48.356,0
48.361,0
48.367,0
48.373,0
48.379,0
48.385,0
48.39,0
48.396,0
48.402,0
48.408,0
48.414,0
48.419,0
48.425,0
48.431,0
48.437,0
48.443,0
48.448,0
48.454,0
48.46,0
48.466,0
48.472,0
48.477,0
48.483,0
48.489,0
48.495,0
48.501,0
48.506,0
48.512,0
48.518,0
48.524,0
48.53,0
48.536,0
48.541,0
48.547,0
48.553,0
48.559,0
48.565,0
48.57,0
48.576,0
48.582,0
48.588,0
48.594,0
48.599,0
48.605,0
48.611,0
48.617,0
48.623,0
48.628,0
48.634,0
48.64,0
48.646,0
48.652,0
48.657,0
48.663,0
48.669,0
48.675,0
48.681,0
48.686,0
48.692,0
48.698,0
48.704,0
48.71,0
48.715,0
48.721,0
48.727,0
48.733,0
48.739,0
48.744,0
48.75,0
48.756,0
48.762,0
48.768,0
48.774,0
48.779,0
48.785,0
48.791,0
48.797,0
48.803,0
48.808,0
48.814,0
48.82,0
48.826,0
48.832,0
48.837,0
48.843,0
48.849,0
48.855,0
48.861,0
48.866,0
48.872,0
48.878,0
48.884,0
48.89,0
48.895,0
48.901,0
48.907,0
48.913,0
48.919,0
48.924,0
48.93,0
48.936,0
48.942,0
48.948,0
48.953,0
48.959,0
48.965,0
48.971,0
48.977,0
48.982,0
48.988,0
48.994,0
49,0
49.006,0
49.012,0
49.017,0
49.023,0
49.029,0
49.035,0
49.041,0
49.046,0
49.052,0
49.058,0
49.064,0
49.07,0
49.075,0
49.081,0
49.087,0
49.093,0
49.099,0
49.104,0
49.11,0
49.116,0
49.122,0
49.128,0
49.133,0
49.139,0
49.145,0
49.151,0
49.157,0
49.162,0
49.168,0
49.174,0
49.18,0
49.186,0
49.191,0
49.197,0
49.203,0
49.209,0
49.215,0
49.22,0
49.226,0
49.232,0
49.238,0
49.244,0
49.25,0
49.255,0
49.261,0
49.267,0
49.273,0
49.279,0
49.284,0
49.29,0
49.296,0
49.302,0
49.308,0
49.313,0
49.319,0
49.325,0
49.331,0
49.337,0
49.342,0
49.348,0
49.354,0
49.36,0
49.366,0
49.371,0
49.377,0
49.383,0
49.389,0
49.395,0
49.4,0
49.406,0
49.412,0
49.418,0
49.424,0
49.429,0
49.435,0
49.441,0
49.447,0
49.453,0
49.459,0
49.464,0
49.47,0
49.476,0
49.482,0
49.488,0
49.493,0
49.499,0
49.505,0
49.511,0
49.517,0
49.522,0
49.528,0
49.534,0
49.54,0
49.546,0
49.551,0
49.557,0
49.563,0
49.569,0
49.575,0
49.58,0
49.586,0
49.592,0
49.598,0
49.604,0
49.609,0
49.615,0
49.621,0
49.627,0
49.633,0
49.638,0
49.644,0
49.65,0
49.656,0
49.662,0
49.667,0
49.673,0
49.679,0
49.685,0
49.691,0
49.697,0
49.702,0
49.708,0
49.714,0
49.72,0
49.726,0
49.731,0
49.737,0
49.743,0
49.749,0
49.755,0
49.76,0
49.766,0
49.772,0
49.778,0
49.784,0
49.789,0
49.795,0
49.801,0
49.807,0
49.813,0
49.818,0
49.824,0
49.83,0
49.836,0
49.842,0
49.847,0
49.853,0
49.859,0
49.865,0
49.871,0
49.876,0
49.882,0
49.888,0
49.894,0
49.9,0
49.905,0
49.911,0
49.917,0
49.923,0
49.929,0
49.935,0
49.94,0
49.946,0
49.952,0
49.958,0
49.964,0
49.969,0
49.975,0
49.981,0
49.987,0
49.993,0
49.998,0
50.004,0
50.01,0
50.016,0
50.022,0
50.027,0
50.033,0
50.039,0
50.045,0
50.051,0
50.056,0
50.062,0
50.068,0
50.074,0
50.08,0
50.085,0
50.091,0
50.097,0
50.103,0
50.109,0
50.114,0
50.12,0
50.126,0
50.132,0
50.138,0
50.143,0
50.149,0
50.155,0
50.161,0
50.167,0
50.173,0
50.178,0
50.184,0
50.19,0
50.196,0
50.202,0
50.207,0
50.213,0
50.219,0
50.225,0
50.231,0
50.236,0
50.242,0
50.248,0
50.254,0
50.26,0
50.265,0
50.271,0
50.277,0
50.283,0
50.289,0
50.294,0
50.3,0
50.306,0
50.312,0
50.318,0
50.323,0
50.329,0
50.335,0
50.341,0
50.347,0
50.352,0
50.358,0
50.364,0
50.37,0
50.376,0
50.381,0
50.387,0
50.393,0
50.399,0
50.405,0
50.411,0
50.416,0
50.422,0
50.428,0
50.434,0
50.44,0
50.445,0
50.451,0
50.457,0
50.463,0
50.469,0
50.474,0
50.48,0
50.486,0
50.492,0
50.498,0
50.503,0
50.509,0
50.515,0
50.521,0
50.527,0
50.532,0
50.538,0
50.544,0
50.55,0
50.556,0
50.561,0
50.567,0
50.573,0
50.579,0
50.585,0
50.59,0
50.596,0
50.602,0
50.608,0
50.614,0
50.62,0
50.625,0
50.631,0
50.637,0
50.643,0
50.649,0
50.654,0
50.66,0
50.666,0
50.672,0
50.678,0
50.683,0
50.689,0
50.695,0
50.701,0
50.707,0
50.712,0
50.718,0
50.724,0
50.73,0
50.736,0
50.741,0
50.747,0
50.753,0
50.759,0
50.765,0
50.77,0
50.776,0
50.782,0
50.788,0
50.794,0
50.799,0
50.805,0
50.811,0
50.817,0
50.823,0
50.828,0
50.834,0
50.84,0
50.846,0
50.852,0
50.858,0
50.863,0
50.869,0
50.875,0
50.881,0
50.887,0
50.892,0
50.898,0
50.904,0
50.91,0
50.916,0
50.921,0
50.927,0
50.933,0
50.939,0
50.945,0
50.95,0
50.956,0
50.962,0
50.968,0
50.974,0
50.979,0
50.985,0
50.991,0
50.997,0
51.003,0
51.008,0
51.014,0
51.02,0
51.026,0
51.032,0
51.037,0
